1.200e+01 -4.300e+01 3.300e+01 -3.900e+01 3.862e+00 4.283e+00 6.293e+00 5.922e+00 7.593e+00 7.931e+00 7.633e+00 7.201e+00 6.647e+00 5.940e+00 5.032e+00 4.562e+00 4.644e+00 4.555e+00 4.386e+00 3.779e+00 5.810e+02 -8.500e+01
1.200e+01 2.448e+00 2.594e+00 2.604e+00 3.691e+00 3.265e+00 3.577e+00 3.621e+00 2.808e+00 2.469e+00 2.510e+00 2.317e+00 2.409e+00 2.490e+00 2.847e+00 2.484e+00 2.888e+00 2.276e+00 2.598e+00 3.039e+00 3.511e+00 3.350e+00
1.200e+01 3.362e+00 3.744e+00 3.790e+00 4.123e+00 5.208e+00 4.592e+00 4.344e+00 3.266e+00 3.087e+00 2.389e+00 2.198e+00 2.025e+00 2.226e+00 2.089e+00 2.018e+00 2.039e+00 2.131e+00 2.424e+00 2.629e+00 2.796e+00 3.131e+00
1.200e+01 3.996e+00 5.012e+00 5.034e+00 5.851e+00 6.443e+00 6.643e+00 6.193e+00 6.537e+00 7.516e+00 7.038e+00 6.475e+00 8.049e+00 7.775e+00 7.983e+00 5.410e+00 5.307e+00 4.579e+00 4.461e+00 4.830e+00 4.101e+00 6.562e+00
6.000e+00 3.976e+00 4.305e+00 4.010e+00 4.214e+00 4.885e+00 4.636e+00 5.152e+00 4.762e+00 4.997e+00 4.459e+00 3.911e+00 3.883e+00 3.173e+00 4.486e+00 4.221e+00 4.606e+00 3.297e+00 4.214e+00 4.391e+00 4.098e+00 4.704e+00
1.200e+01 4.769e+00 4.650e+00 4.111e+00 6.157e+00 6.335e+00 7.564e+00 7.892e+00 7.059e+00 6.404e+00 6.029e+00 5.943e+00 5.341e+00 6.186e+00 5.110e+00 5.357e+00 5.149e+00 3.798e+00 4.325e+00 4.226e+00 3.432e+00 4.631e+00
1.200e+01 3.006e+00 -1.600e+02 -5.900e+01 3.883e+00 4.204e+00 5.604e+00 5.417e+00 6.488e+00 6.606e+00 7.238e+00 7.019e+00 7.463e+00 8.216e+00 5.364e+00 4.547e+00 4.147e+00 3.468e+00 3.198e+00 3.548e+00 3.159e+00 1.490e+02
1.000e+01 3.319e+00 2.741e+00 3.716e+00 3.336e+00 5.613e+00 7.014e+00 7.494e+00 7.426e+00 7.961e+00 7.862e+00 7.374e+00 6.787e+00 6.936e+00 7.226e+00 7.288e+00 7.065e+00 6.431e+00 5.833e+00 5.106e+00 1.614e+00 -1.710e+02
1.200e+01 3.865e+00 2.313e+00 4.723e+00 5.045e+00 6.929e+00 7.206e+00 7.279e+00 5.517e+00 4.077e+00 3.253e+00 2.701e+00 2.403e+00 2.754e+00 2.454e+00 2.538e+00 3.554e+00 2.741e+00 2.463e+00 1.909e+00 3.053e+00 1.953e+00
1.200e+01 3.196e+00 3.605e+00 3.524e+00 3.329e+00 3.717e+00 3.429e+00 4.877e+00 3.816e+00 5.592e+00 5.628e+00 4.415e+00 5.868e+00 5.856e+00 5.255e+00 4.337e+00 5.174e+00 3.750e+00 2.891e+00 3.712e+00 3.111e+00 1.240e+02
1.200e+01 -1.850e+02 5.269e+00 4.602e+00 5.701e+00 7.111e+00 7.841e+00 5.851e+00 6.163e+00 7.959e+00 6.452e+00 6.662e+00 6.726e+00 5.108e+00 4.763e+00 6.394e+00 4.831e+00 4.701e+00 5.229e+00 5.321e+00 5.228e+00 5.449e+00
1.200e+01 3.245e+00 3.692e+00 3.608e+00 4.520e+00 5.172e+00 4.101e+00 3.263e+00 3.863e+00 5.299e+00 5.783e+00 5.005e+00 5.658e+00 5.412e+00 4.576e+00 5.126e+00 4.312e+00 2.300e+00 2.637e+00 3.366e+00 4.413e+00 5.167e+00
1.200e+01 3.992e+00 3.914e+00 3.582e+00 4.149e+00 4.839e+00 5.573e+00 4.956e+00 5.505e+00 4.715e+00 3.703e+00 3.826e+00 2.954e+00 2.586e+00 2.504e+00 2.525e+00 2.479e+00 2.552e+00 1.916e+00 2.819e+00 2.435e+00 3.211e+00
1.200e+01 3.622e+00 1.940e+02 3.047e+00 3.215e+00 5.068e+00 4.961e+00 6.438e+00 7.062e+00 6.896e+00 7.088e+00 5.965e+00 4.932e+00 4.577e+00 3.861e+00 3.320e+00 2.806e+00 2.563e+00 3.143e+00 2.694e+00 4.121e+00 3.356e+00
6.000e+00 4.067e+00 3.626e+00 4.180e+00 4.086e+00 3.966e+00 5.244e+00 5.816e+00 4.874e+00 5.100e+00 4.127e+00 3.948e+00 3.513e+00 3.684e+00 3.429e+00 3.750e+00 3.488e+00 3.225e+00 4.855e+00 4.212e+00 4.177e+00 4.572e+00
8.000e+00 4.774e+00 4.725e+00 5.089e+00 4.998e+00 4.883e+00 5.525e+00 5.479e+00 5.880e+00 6.017e+00 5.385e+00 5.397e+00 5.269e+00 5.368e+00 5.359e+00 5.218e+00 5.479e+00 4.772e+00 5.463e+00 4.884e+00 5.229e+00 5.351e+00
1.200e+01 4.328e+00 2.466e+00 3.953e+00 4.680e+00 6.000e+00 6.136e+00 6.481e+00 6.430e+00 5.349e+00 5.525e+00 4.096e+00 3.771e+00 3.688e+00 3.103e+00 2.941e+00 3.031e+00 3.107e+00 3.018e+00 2.335e+00 4.255e+00 2.655e+00
1.200e+01 4.229e+00 3.933e+00 5.912e+00 7.124e+00 7.382e+00 6.828e+00 6.236e+00 6.116e+00 6.211e+00 6.024e+00 5.759e+00 7.313e+00 6.668e+00 6.340e+00 7.252e+00 6.689e+00 6.170e+00 5.958e+00 6.681e+00 6.930e+00 5.850e+00
6.000e+00 3.627e+00 4.050e+00 3.420e+00 3.318e+00 3.421e+00 3.464e+00 4.851e+00 5.184e+00 4.782e+00 4.208e+00 4.270e+00 4.063e+00 3.758e+00 3.428e+00 3.711e+00 3.742e+00 3.805e+00 3.014e+00 3.695e+00 2.654e+00 5.074e+00
1.200e+01 1.890e+02 9.400e+01 4.364e+00 4.863e+00 6.547e+00 7.032e+00 7.401e+00 6.903e+00 6.594e+00 5.984e+00 6.297e+00 6.334e+00 5.995e+00 5.348e+00 4.973e+00 4.041e+00 4.399e+00 3.966e+00 3.724e+00 3.729e+00 3.633e+00
1.000e+00 4.927e+00 5.760e+00 5.505e+00 5.838e+00 5.890e+00 5.145e+00 5.718e+00 5.050e+00 5.952e+00 4.980e+00 5.217e+00 4.967e+00 5.299e+00 5.535e+00 5.530e+00 5.413e+00 4.986e+00 1.121e+00 6.356e+00 4.744e+00 5.502e+00
1.200e+01 3.942e+00 4.886e+00 4.724e+00 4.623e+00 5.894e+00 6.073e+00 5.621e+00 3.057e+00 3.065e+00 2.658e+00 2.623e+00 2.274e+00 2.334e+00 2.263e+00 2.165e+00 2.098e+00 2.635e+00 2.357e+00 2.940e+00 2.654e+00 3.032e+00
1.200e+01 5.162e+00 5.846e+00 5.476e+00 7.238e+00 7.234e+00 7.222e+00 7.433e+00 6.003e+00 7.171e+00 7.308e+00 6.134e+00 7.209e+00 6.634e+00 6.416e+00 6.732e+00 6.400e+00 6.039e+00 5.505e+00 5.675e+00 6.343e+00 5.947e+00
1.200e+01 6.141e+00 6.816e+00 5.933e+00 6.685e+00 6.269e+00 6.005e+00 5.507e+00 4.458e+00 3.696e+00 2.673e+00 2.449e+00 2.589e+00 2.677e+00 2.006e+00 2.192e+00 2.105e+00 2.594e+00 2.605e+00 3.490e+00 4.476e+00 5.277e+00
1.200e+01 5.107e+00 5.444e+00 5.420e+00 4.799e+00 4.612e+00 4.710e+00 4.531e+00 4.011e+00 4.595e+00 3.420e+00 3.943e+00 3.570e+00 3.725e+00 3.610e+00 3.575e+00 4.864e+00 5.109e+00 4.468e+00 4.709e+00 4.811e+00 5.830e+00
1.000e+00 6.674e+00 6.064e+00 6.556e+00 7.454e+00 7.802e+00 7.068e+00 8.393e+00 7.684e+00 8.610e+00 8.090e+00 7.942e+00 8.403e+00 8.291e+00 8.205e+00 8.304e+00 8.106e+00 7.722e+00 8.426e+00 8.066e+00 7.959e+00 6.148e+00
8.000e+00 5.310e+00 5.835e+00 6.375e+00 5.859e+00 6.158e+00 2.600e+00 5.983e+00 6.967e+00 6.902e+00 6.961e+00 6.686e+00 5.942e+00 5.908e+00 6.077e+00 5.835e+00 6.325e+00 6.582e+00 7.184e+00 5.803e+00 6.072e+00 6.258e+00
1.200e+01 2.475e+00 4.542e+00 3.576e+00 3.739e+00 3.183e+00 4.522e+00 4.845e+00 4.903e+00 5.357e+00 4.251e+00 5.167e+00 4.111e+00 3.458e+00 2.922e+00 2.702e+00 2.436e+00 2.531e+00 2.918e+00 2.684e+00 3.980e+00 3.181e+00
1.200e+01 4.300e+01 2.291e+00 3.045e+00 2.940e+00 4.094e+00 4.725e+00 7.219e+00 7.275e+00 5.585e+00 6.088e+00 6.633e+00 5.732e+00 5.185e+00 3.913e+00 3.473e+00 3.200e+00 2.639e+00 2.689e+00 4.061e+00 2.554e+00 3.888e+00
1.200e+01 3.316e+00 3.725e+00 4.969e+00 5.589e+00 6.535e+00 7.816e+00 6.599e+00 7.001e+00 7.000e+00 6.367e+00 6.037e+00 5.957e+00 6.063e+00 5.782e+00 6.374e+00 5.573e+00 6.684e+00 5.328e+00 4.472e+00 5.112e+00 5.255e+00
1.200e+01 2.757e+00 2.593e+00 3.273e+00 3.958e+00 3.848e+00 4.129e+00 4.420e+00 3.989e+00 4.166e+00 3.542e+00 3.263e+00 3.340e+00 3.140e+00 3.246e+00 3.177e+00 3.279e+00 3.131e+00 3.596e+00 2.868e+00 3.119e+00 2.916e+00
6.000e+00 4.449e+00 3.649e+00 3.735e+00 3.878e+00 3.791e+00 4.337e+00 3.998e+00 3.909e+00 3.648e+00 3.416e+00 3.191e+00 2.844e+00 2.987e+00 3.186e+00 3.375e+00 3.159e+00 2.946e+00 3.516e+00 4.025e+00 4.246e+00 4.202e+00
1.200e+01 2.446e+00 5.990e+02 3.181e+00 3.198e+00 3.201e+00 5.058e+00 5.404e+00 7.076e+00 7.474e+00 8.522e+00 7.586e+00 7.608e+00 6.527e+00 5.972e+00 5.687e+00 5.617e+00 5.233e+00 4.164e+00 3.733e+00 3.492e+00 3.360e+02
3.000e+00 5.975e+00 1.346e+00 2.698e+00 4.630e+00 5.340e+00 5.859e+00 6.182e+00 8.853e+00 9.007e+00 9.232e+00 8.906e+00 9.027e+00 8.991e+00 8.998e+00 8.938e+00 8.595e+00 7.097e+00 6.591e+00 7.512e+00 5.995e+00 5.057e+00
1.200e+01 3.400e+00 2.986e+00 2.830e+00 3.258e+00 5.508e+00 5.289e+00 6.874e+00 7.507e+00 7.416e+00 7.142e+00 6.977e+00 7.361e+00 6.433e+00 5.884e+00 5.094e+00 4.488e+00 3.954e+00 3.208e+00 3.527e+00 2.904e+00 1.250e+02
8.000e+00 6.190e+00 5.806e+00 4.134e+00 4.727e+00 4.963e+00 4.824e+00 4.151e+00 4.152e+00 4.667e+00 4.768e+00 4.230e+00 3.845e+00 4.600e+00 3.679e+00 3.876e+00 4.326e+00 4.537e+00 4.813e+00 6.302e+00 5.094e+00 5.372e+00
1.200e+01 2.849e+00 3.674e+00 3.942e+00 6.513e+00 6.108e+00 5.584e+00 4.992e+00 4.244e+00 6.639e+00 5.948e+00 7.583e+00 6.598e+00 4.993e+00 5.548e+00 3.994e+00 2.713e+00 2.712e+00 2.859e+00 3.523e+00 2.895e+00 3.534e+00
6.000e+00 4.287e+00 4.460e+00 4.413e+00 3.585e+00 4.221e+00 3.984e+00 3.866e+00 5.119e+00 4.917e+00 4.768e+00 4.850e+00 4.710e+00 4.463e+00 4.326e+00 4.316e+00 5.365e+00 4.617e+00 5.341e+00 4.979e+00 5.194e+00 5.155e+00
8.000e+00 5.773e+00 7.171e+00 5.142e+00 4.932e+00 5.833e+00 4.122e+00 4.179e+00 3.882e+00 3.800e+00 3.651e+00 3.805e+00 3.797e+00 3.558e+00 3.529e+00 3.853e+00 4.445e+00 5.045e+00 5.878e+00 6.788e+00 5.980e+00 6.596e+00
1.200e+01 2.720e+00 3.366e+00 6.156e+00 6.484e+00 6.544e+00 5.653e+00 4.560e+00 2.722e+00 2.040e+00 1.925e+00 1.909e+00 1.841e+00 1.842e+00 1.964e+00 1.962e+00 1.626e+00 1.773e+00 2.224e+00 2.679e+00 3.278e+00 2.947e+00
1.200e+01 -2.120e+02 1.980e+02 2.647e+00 4.271e+00 6.070e+00 7.450e+00 8.224e+00 7.986e+00 7.307e+00 5.930e+00 4.959e+00 7.118e+00 5.866e+00 4.891e+00 3.754e+00 2.706e+00 1.987e+00 1.928e+00 1.827e+00 3.518e+00 2.988e+00
1.000e+01 1.280e+02 -1.980e+02 8.000e+01 -6.620e+02 -1.920e+02 7.080e+02 4.480e+02 2.267e+00 3.008e+00 2.409e+00 1.356e+00 1.949e+00 3.627e+00 1.615e+00 3.069e+00 1.053e+00 1.314e+00 -2.950e+02 -6.210e+02 -8.700e+01 -2.000e+00
1.200e+01 -2.800e+01 3.270e+02 2.879e+00 4.861e+00 5.603e+00 7.524e+00 6.744e+00 6.876e+00 6.631e+00 5.984e+00 5.379e+00 5.635e+00 6.833e+00 4.967e+00 4.055e+00 3.732e+00 3.871e+00 3.289e+00 3.378e+00 3.407e+00 3.454e+00
1.200e+01 3.914e+00 3.010e+00 4.093e+00 3.190e+00 5.747e+00 5.746e+00 6.569e+00 4.768e+00 4.097e+00 3.592e+00 3.847e+00 3.412e+00 2.951e+00 3.038e+00 2.615e+00 2.494e+00 2.571e+00 2.014e+00 2.299e+00 2.913e+00 3.258e+00
1.200e+01 8.200e+01 2.817e+00 2.702e+00 2.735e+00 5.218e+00 5.813e+00 6.372e+00 6.369e+00 7.345e+00 7.093e+00 7.222e+00 7.547e+00 7.207e+00 6.365e+00 5.066e+00 4.070e+00 3.531e+00 2.915e+00 2.659e+00 2.773e+00 2.280e+02
1.200e+01 -4.700e+01 -1.730e+02 3.035e+00 4.246e+00 5.724e+00 5.436e+00 5.230e+00 5.390e+00 5.548e+00 5.654e+00 4.505e+00 5.686e+00 5.340e+00 3.415e+00 2.987e+00 3.577e+00 3.269e+00 3.101e+00 3.279e+00 2.478e+00 2.745e+00
1.200e+01 5.361e+00 4.735e+00 5.550e+00 6.871e+00 7.060e+00 6.579e+00 7.162e+00 5.619e+00 3.314e+00 3.450e+00 3.571e+00 4.959e+00 4.715e+00 4.920e+00 3.331e+00 3.168e+00 3.300e+00 4.005e+00 6.030e+00 6.853e+00 6.570e+00
1.200e+01 2.694e+00 3.007e+00 3.964e+00 4.371e+00 4.144e+00 4.449e+00 5.081e+00 6.051e+00 5.683e+00 6.362e+00 6.047e+00 5.611e+00 3.557e+00 2.534e+00 2.426e+00 1.848e+00 1.532e+00 2.610e+00 3.213e+00 3.546e+00 3.870e+00
8.000e+00 4.907e+00 4.636e+00 4.441e+00 4.764e+00 4.524e+00 5.712e+00 5.702e+00 6.306e+00 5.474e+00 6.241e+00 6.193e+00 7.215e+00 6.165e+00 6.134e+00 6.351e+00 5.288e+00 5.896e+00 5.667e+00 5.095e+00 5.921e+00 6.077e+00
1.200e+01 3.799e+00 2.945e+00 3.342e+00 3.667e+00 5.618e+00 4.977e+00 6.562e+00 6.459e+00 8.085e+00 7.770e+00 7.632e+00 7.864e+00 6.880e+00 6.290e+00 4.949e+00 5.075e+00 4.687e+00 3.633e+00 3.358e+00 2.933e+00 3.345e+00
1.200e+01 3.973e+00 3.110e+00 3.835e+00 3.968e+00 3.878e+00 3.675e+00 3.673e+00 3.739e+00 3.554e+00 2.870e+00 2.934e+00 2.788e+00 2.976e+00 3.048e+00 2.967e+00 2.831e+00 2.749e+00 3.246e+00 3.466e+00 3.028e+00 3.950e+00
1.200e+01 4.847e+00 6.679e+00 6.398e+00 6.841e+00 6.355e+00 5.345e+00 4.270e+00 4.479e+00 4.039e+00 2.859e+00 2.649e+00 2.061e+00 2.135e+00 2.062e+00 2.255e+00 2.030e+00 1.926e+00 2.148e+00 2.480e+00 2.679e+00 3.263e+00
3.000e+00 4.433e+00 1.088e+00 3.981e+00 4.201e+00 5.561e+00 8.120e+00 8.343e+00 9.064e+00 9.037e+00 9.194e+00 8.859e+00 8.961e+00 8.972e+00 8.935e+00 8.753e+00 8.070e+00 8.232e+00 6.207e+00 5.326e+00 4.693e+00 3.632e+00
6.000e+00 3.595e+00 3.307e+00 3.388e+00 3.724e+00 3.586e+00 3.466e+00 3.257e+00 2.948e+00 2.536e+00 2.729e+00 2.643e+00 2.710e+00 2.603e+00 2.629e+00 2.689e+00 2.588e+00 2.610e+00 3.439e+00 3.636e+00 3.688e+00 4.209e+00
1.200e+01 5.299e+00 5.417e+00 5.141e+00 6.859e+00 7.049e+00 7.189e+00 6.831e+00 6.543e+00 7.022e+00 6.171e+00 6.077e+00 6.758e+00 6.342e+00 5.684e+00 5.641e+00 5.152e+00 5.316e+00 5.716e+00 5.222e+00 5.466e+00 5.953e+00
8.000e+00 4.556e+00 4.254e+00 3.634e+00 3.514e+00 4.112e+00 5.243e+00 5.271e+00 5.474e+00 4.840e+00 4.394e+00 4.680e+00 4.203e+00 4.210e+00 4.170e+00 4.068e+00 4.441e+00 4.042e+00 4.696e+00 4.920e+00 4.216e+00 4.086e+00
1.200e+01 1.991e+00 2.392e+00 2.220e+00 3.100e+00 3.699e+00 3.789e+00 3.663e+00 2.403e+00 2.083e+00 2.029e+00 1.892e+00 1.821e+00 1.858e+00 1.832e+00 1.911e+00 1.798e+00 1.810e+00 2.416e+00 2.444e+00 2.259e+00 2.545e+00
1.200e+01 4.538e+00 5.094e+00 5.812e+00 6.955e+00 6.794e+00 8.189e+00 6.624e+00 7.300e+00 6.490e+00 6.232e+00 6.009e+00 6.296e+00 5.812e+00 5.321e+00 4.216e+00 4.612e+00 4.596e+00 4.719e+00 4.496e+00 4.362e+00 4.863e+00
1.000e+00 4.793e+00 4.305e+00 4.675e+00 5.627e+00 5.492e+00 4.931e+00 4.034e+00 5.724e+00 5.763e+00 4.781e+00 6.199e+00 4.963e+00 5.383e+00 6.293e+00 4.770e+00 4.954e+00 4.455e+00 5.007e+00 6.078e+00 6.386e+00 6.714e+00
1.200e+01 3.026e+00 2.000e+00 3.206e+00 2.743e+00 4.415e+00 5.629e+00 5.259e+00 6.812e+00 7.751e+00 7.753e+00 6.360e+00 6.461e+00 5.038e+00 4.329e+00 2.841e+00 2.852e+00 3.326e+00 2.671e+00 2.595e+00 3.179e+00 3.007e+00
8.000e+00 5.429e+00 7.480e+02 6.130e+00 5.336e+00 5.680e+00 5.531e+00 6.246e+00 7.226e+00 6.304e+00 7.612e+00 6.598e+00 5.956e+00 7.021e+00 5.834e+00 6.434e+00 5.265e+00 5.815e+00 5.750e+00 5.550e+00 5.879e+00 5.655e+00
1.000e+01 -7.330e+02 -3.470e+02 -3.550e+02 -5.100e+02 -3.170e+02 1.340e+02 1.684e+00 2.229e+00 4.913e+00 2.901e+00 3.983e+00 3.785e+00 4.463e+00 4.241e+00 3.143e+00 3.892e+00 3.062e+00 3.235e+00 5.302e+00 7.600e+01 -5.890e+02
1.200e+01 4.096e+00 4.274e+00 5.052e+00 5.213e+00 6.255e+00 6.590e+00 7.036e+00 6.457e+00 7.477e+00 7.038e+00 7.501e+00 6.694e+00 6.393e+00 6.256e+00 6.137e+00 6.734e+00 6.635e+00 7.409e+00 6.229e+00 8.834e+00 5.473e+00
1.000e+01 -6.480e+02 3.100e+01 1.400e+02 -3.780e+02 -5.100e+01 1.725e+00 1.603e+00 3.078e+00 4.152e+00 5.710e+00 4.634e+00 5.059e+00 4.549e+00 5.830e+00 5.420e+00 4.586e+00 3.938e+00 3.689e+00 4.128e+00 6.500e+02 1.840e+02
6.000e+00 4.997e+00 5.793e+00 4.738e+00 4.602e+00 4.059e+00 4.418e+00 4.727e+00 4.277e+00 4.432e+00 3.813e+00 3.521e+00 4.062e+00 3.753e+00 4.589e+00 4.168e+00 4.231e+00 3.852e+00 4.793e+00 4.985e+00 5.126e+00 5.032e+00
6.000e+00 4.799e+00 5.195e+00 4.383e+00 4.104e+00 4.971e+00 4.342e+00 4.524e+00 4.604e+00 4.355e+00 3.878e+00 3.727e+00 3.951e+00 3.843e+00 4.313e+00 4.174e+00 3.605e+00 3.991e+00 5.216e+00 4.556e+00 4.858e+00 5.073e+00
8.000e+00 9.583e+00 5.953e+00 5.496e+00 5.579e+00 5.920e+00 5.249e+00 4.905e+00 4.627e+00 5.597e+00 5.100e+00 4.755e+00 4.509e+00 4.952e+00 5.191e+00 5.658e+00 5.476e+00 4.447e+00 5.385e+00 5.204e+00 7.113e+00 6.462e+00
8.000e+00 6.387e+00 5.689e+00 5.762e+00 5.923e+00 6.500e+00 4.994e+00 5.168e+00 4.706e+00 4.491e+00 3.886e+00 3.938e+00 4.019e+00 3.918e+00 3.966e+00 3.727e+00 4.042e+00 3.873e+00 4.915e+00 5.480e+00 5.800e+00 6.243e+00
3.000e+00 4.668e+00 1.043e+00 4.065e+00 4.522e+00 4.911e+00 7.213e+00 8.924e+00 8.164e+00 9.116e+00 9.304e+00 8.978e+00 9.024e+00 8.797e+00 8.757e+00 8.648e+00 8.172e+00 8.232e+00 6.197e+00 5.196e+00 5.355e+00 3.420e+00
1.200e+01 6.463e+00 4.410e+02 5.919e+00 6.376e+00 7.869e+00 8.358e+00 8.394e+00 8.830e+00 6.502e+00 3.882e+00 3.585e+00 2.511e+00 3.296e+00 2.638e+00 2.394e+00 2.262e+00 2.827e+00 2.239e+00 1.943e+00 2.046e+00 -1.090e+02
6.000e+00 3.131e+00 3.515e+00 3.587e+00 3.728e+00 4.212e+00 4.128e+00 4.273e+00 3.655e+00 3.464e+00 2.700e+00 2.819e+00 2.577e+00 3.078e+00 2.804e+00 2.992e+00 2.894e+00 3.205e+00 3.073e+00 3.649e+00 3.576e+00 3.906e+00
6.000e+00 4.277e+00 3.960e+00 4.982e+00 4.652e+00 4.050e+00 4.411e+00 5.340e+00 4.496e+00 4.847e+00 4.195e+00 4.884e+00 4.091e+00 4.256e+00 4.333e+00 4.444e+00 4.837e+00 4.316e+00 5.095e+00 5.559e+00 4.955e+00 5.517e+00
1.000e+00 2.345e+00 2.885e+00 -4.840e+02 7.008e+00 1.502e+00 2.650e+02 2.614e+00 1.225e+00 3.001e+00 4.680e+02 -5.100e+01 -1.330e+02 -8.500e+02 8.890e+02 1.175e+00 -5.590e+02 1.388e+00 1.111e+00 -2.500e+01 1.301e+00 2.132e+00
1.200e+01 -1.760e+02 4.040e+00 3.570e+00 4.362e+00 6.846e+00 6.945e+00 7.368e+00 7.493e+00 6.728e+00 6.093e+00 4.647e+00 5.449e+00 4.000e+00 2.984e+00 1.887e+00 2.075e+00 1.933e+00 2.651e+00 2.541e+00 3.477e+00 3.619e+00
8.000e+00 5.145e+00 5.598e+00 5.543e+00 5.457e+00 6.022e+00 7.056e+00 6.266e+00 6.265e+00 5.952e+00 5.136e+00 4.729e+00 4.521e+00 5.155e+00 4.738e+00 4.301e+00 4.672e+00 3.563e+00 4.625e+00 5.351e+00 5.256e+00 5.390e+00
1.200e+01 3.312e+00 6.500e+01 3.136e+00 3.317e+00 6.546e+00 8.547e+00 7.709e+00 7.365e+00 6.100e+00 5.653e+00 5.265e+00 6.242e+00 6.190e+00 5.596e+00 4.724e+00 4.457e+00 2.710e+00 2.605e+00 2.273e+00 3.642e+00 2.958e+00
1.200e+01 2.822e+00 3.398e+00 2.671e+00 2.993e+00 4.542e+00 4.755e+00 7.539e+00 6.790e+00 7.867e+00 6.335e+00 7.231e+00 7.478e+00 5.501e+00 4.128e+00 3.422e+00 3.209e+00 2.728e+00 2.398e+00 1.836e+00 3.604e+00 3.125e+00
1.200e+01 3.846e+00 4.078e+00 4.643e+00 3.982e+00 4.104e+00 4.670e+00 5.360e+00 5.894e+00 7.428e+00 8.258e+00 7.818e+00 7.427e+00 6.968e+00 5.526e+00 4.485e+00 4.725e+00 3.960e+00 4.408e+00 4.364e+00 5.229e+00 5.085e+00
1.200e+01 2.161e+00 2.151e+00 2.919e+00 3.034e+00 3.453e+00 2.573e+00 2.501e+00 2.339e+00 2.471e+00 2.231e+00 1.852e+00 2.103e+00 1.920e+00 2.376e+00 2.011e+00 1.659e+00 1.653e+00 1.602e+00 1.966e+00 2.314e+00 2.479e+00
3.000e+00 4.537e+00 6.330e+02 4.557e+00 4.450e+00 6.780e+00 8.124e+00 8.692e+00 8.886e+00 9.091e+00 8.857e+00 8.794e+00 8.819e+00 8.813e+00 8.485e+00 8.262e+00 7.306e+00 6.998e+00 6.479e+00 4.896e+00 5.620e+00 2.046e+00
1.200e+01 4.068e+00 4.240e+00 3.955e+00 5.755e+00 5.413e+00 7.134e+00 7.454e+00 7.369e+00 5.835e+00 5.030e+00 4.348e+00 4.239e+00 3.763e+00 3.709e+00 3.155e+00 3.789e+00 3.323e+00 3.432e+00 3.842e+00 5.310e+00 4.296e+00
1.200e+01 5.033e+00 4.604e+00 4.552e+00 5.044e+00 6.339e+00 6.684e+00 5.888e+00 6.470e+00 4.564e+00 4.828e+00 4.116e+00 4.146e+00 4.287e+00 3.840e+00 3.563e+00 4.012e+00 3.232e+00 3.820e+00 3.188e+00 2.590e+00 3.465e+00
1.200e+01 5.959e+00 5.859e+00 6.992e+00 7.703e+00 6.892e+00 6.742e+00 6.928e+00 6.236e+00 5.793e+00 5.883e+00 5.909e+00 7.286e+00 6.129e+00 5.742e+00 5.543e+00 4.641e+00 4.680e+00 4.973e+00 4.754e+00 5.341e+00 6.134e+00
1.200e+01 2.433e+00 2.621e+00 3.047e+00 3.365e+00 4.369e+00 4.685e+00 4.879e+00 4.949e+00 3.800e+00 3.738e+00 3.595e+00 3.378e+00 2.926e+00 2.003e+00 2.113e+00 1.936e+00 1.940e+00 2.056e+00 2.390e+00 2.794e+00 2.909e+00
1.200e+01 4.301e+00 5.152e+00 6.031e+00 6.673e+00 6.216e+00 5.551e+00 5.298e+00 4.835e+00 6.743e+00 5.678e+00 4.427e+00 7.083e+00 6.898e+00 4.715e+00 4.571e+00 4.727e+00 4.646e+00 5.687e+00 5.537e+00 6.955e+00 6.726e+00
3.000e+00 3.478e+00 1.054e+00 3.023e+00 4.061e+00 4.596e+00 5.310e+00 7.632e+00 8.127e+00 9.144e+00 9.033e+00 8.979e+00 8.979e+00 8.841e+00 8.782e+00 8.661e+00 8.203e+00 8.175e+00 5.882e+00 4.821e+00 5.452e+00 6.515e+00
6.000e+00 3.776e+00 4.139e+00 3.717e+00 3.257e+00 3.419e+00 4.458e+00 4.019e+00 3.624e+00 3.744e+00 3.473e+00 3.172e+00 2.994e+00 3.072e+00 2.848e+00 2.905e+00 3.083e+00 2.843e+00 3.558e+00 3.634e+00 3.452e+00 3.753e+00
1.200e+01 7.174e+00 7.559e+00 7.705e+00 7.668e+00 7.175e+00 5.720e+00 5.221e+00 3.672e+00 3.977e+00 3.123e+00 2.861e+00 2.851e+00 2.704e+00 2.374e+00 2.339e+00 2.395e+00 2.401e+00 3.066e+00 6.382e+00 7.343e+00 7.458e+00
1.200e+01 3.625e+00 1.163e+00 2.707e+00 3.928e+00 4.351e+00 4.317e+00 5.047e+00 5.735e+00 5.545e+00 5.624e+00 6.131e+00 5.833e+00 4.680e+00 4.303e+00 3.611e+00 3.126e+00 3.231e+00 2.645e+00 2.564e+00 2.712e+00 2.667e+00
1.000e+00 3.922e+00 6.027e+00 4.813e+00 6.000e+00 6.906e+00 6.680e+00 7.028e+00 7.120e+00 8.049e+00 7.463e+00 7.555e+00 7.490e+00 7.498e+00 7.579e+00 7.201e+00 6.984e+00 6.254e+00 4.608e+00 5.321e+00 3.422e+00 4.630e+02
1.200e+01 5.184e+00 6.206e+00 5.875e+00 6.606e+00 7.086e+00 6.760e+00 6.131e+00 6.787e+00 3.513e+00 3.349e+00 3.092e+00 3.004e+00 3.234e+00 2.687e+00 2.581e+00 2.856e+00 3.202e+00 2.887e+00 3.769e+00 3.600e+00 4.421e+00
1.200e+01 3.152e+00 -2.100e+01 3.263e+00 3.570e+00 6.084e+00 6.332e+00 5.937e+00 5.133e+00 5.371e+00 4.666e+00 5.681e+00 6.911e+00 6.450e+00 4.682e+00 3.913e+00 3.728e+00 3.094e+00 2.813e+00 2.464e+00 3.487e+00 2.732e+00
1.200e+01 6.117e+00 6.798e+00 7.668e+00 7.643e+00 7.891e+00 8.016e+00 7.050e+00 6.433e+00 6.878e+00 6.780e+00 6.836e+00 7.183e+00 8.222e+00 7.951e+00 7.350e+00 6.772e+00 7.934e+00 7.664e+00 7.548e+00 7.353e+00 7.025e+00
6.000e+00 3.742e+00 4.172e+00 4.203e+00 4.413e+00 4.380e+00 4.833e+00 4.352e+00 4.214e+00 4.486e+00 3.287e+00 2.933e+00 3.004e+00 2.689e+00 2.655e+00 2.802e+00 2.768e+00 2.944e+00 3.390e+00 3.854e+00 3.884e+00 3.886e+00
1.000e+01 2.529e+00 2.523e+00 1.300e+01 2.002e+00 3.312e+00 3.638e+00 4.988e+00 6.581e+00 7.215e+00 7.213e+00 7.170e+00 6.588e+00 6.410e+00 6.775e+00 6.776e+00 5.949e+00 5.448e+00 4.914e+00 3.955e+00 3.253e+00 1.685e+00
1.200e+01 4.368e+00 4.314e+00 4.699e+00 5.139e+00 5.141e+00 5.122e+00 5.490e+00 5.189e+00 4.852e+00 4.145e+00 3.847e+00 4.398e+00 4.097e+00 3.846e+00 3.900e+00 3.952e+00 3.045e+00 2.903e+00 4.103e+00 4.122e+00 4.986e+00
1.200e+01 2.708e+00 -2.330e+02 2.524e+00 2.762e+00 4.075e+00 5.412e+00 5.084e+00 6.866e+00 7.287e+00 6.669e+00 6.220e+00 6.377e+00 5.893e+00 3.991e+00 3.139e+00 2.774e+00 2.744e+00 2.731e+00 2.588e+00 2.898e+00 3.471e+00
1.200e+01 2.963e+00 3.804e+00 3.253e+00 3.100e+00 4.242e+00 4.082e+00 4.663e+00 6.853e+00 6.026e+00 3.979e+00 2.892e+00 2.277e+00 2.457e+00 2.088e+00 2.112e+00 1.877e+00 2.404e+00 2.179e+00 2.422e+00 3.567e+00 4.374e+00
1.200e+01 2.367e+00 3.229e+00 2.837e+00 2.537e+00 3.740e+00 4.180e+00 3.824e+00 3.205e+00 6.476e+00 6.213e+00 6.091e+00 5.762e+00 5.571e+00 3.226e+00 3.588e+00 2.876e+00 2.684e+00 2.500e+00 4.392e+00 6.144e+00 5.033e+00
1.200e+01 -1.150e+02 2.323e+00 2.629e+00 2.760e+00 2.816e+00 3.184e+00 5.957e+00 5.972e+00 6.145e+00 6.142e+00 5.073e+00 4.542e+00 4.098e+00 3.397e+00 3.287e+00 3.227e+00 2.658e+00 2.509e+00 3.869e+00 2.880e+00 5.200e+01
1.200e+01 6.013e+00 6.652e+00 6.935e+00 6.844e+00 6.929e+00 6.251e+00 5.661e+00 5.285e+00 6.227e+00 6.476e+00 6.818e+00 7.292e+00 6.482e+00 5.380e+00 4.613e+00 5.105e+00 5.500e+00 5.331e+00 5.722e+00 6.462e+00 6.760e+00
1.000e+00 3.821e+00 7.008e+00 3.693e+00 3.321e+00 5.305e+00 7.642e+00 7.813e+00 7.870e+00 7.932e+00 7.903e+00 8.134e+00 7.742e+00 7.193e+00 7.200e+00 6.654e+00 6.752e+00 6.969e+00 5.501e+00 3.975e+00 7.135e+00 4.389e+00
1.200e+01 4.808e+00 5.104e+00 4.643e+00 5.990e+00 6.179e+00 6.798e+00 6.660e+00 6.825e+00 5.424e+00 5.794e+00 4.872e+00 5.276e+00 5.124e+00 4.093e+00 3.778e+00 3.987e+00 3.761e+00 4.205e+00 4.242e+00 5.029e+00 4.973e+00
1.200e+01 4.253e+00 4.242e+00 5.045e+00 5.443e+00 4.787e+00 4.558e+00 4.831e+00 5.933e+00 7.170e+00 6.520e+00 7.561e+00 5.995e+00 6.943e+00 6.763e+00 6.550e+00 5.460e+00 4.909e+00 4.611e+00 4.357e+00 5.105e+00 4.396e+00
1.200e+01 5.884e+00 5.056e+00 5.800e+00 6.461e+00 7.154e+00 8.324e+00 8.292e+00 7.762e+00 5.966e+00 4.911e+00 5.106e+00 4.579e+00 3.847e+00 3.909e+00 3.161e+00 3.162e+00 2.796e+00 2.177e+00 2.510e+00 3.200e+00 2.909e+00
3.000e+00 4.994e+00 4.887e+00 4.577e+00 4.482e+00 8.329e+00 9.116e+00 7.948e+00 7.817e+00 8.840e+00 8.932e+00 8.719e+00 8.522e+00 8.746e+00 7.995e+00 8.334e+00 7.634e+00 8.598e+00 5.569e+00 4.291e+00 4.860e+00 5.211e+00
1.200e+01 7.120e+00 6.083e+00 5.942e+00 5.784e+00 6.733e+00 7.085e+00 7.978e+00 7.471e+00 6.781e+00 4.402e+00 5.050e+00 5.525e+00 5.284e+00 5.676e+00 4.549e+00 6.075e+00 6.511e+00 4.092e+00 5.200e+00 5.614e+00 5.521e+00
1.200e+01 3.081e+00 3.205e+00 3.284e+00 3.004e+00 3.027e+00 3.804e+00 3.303e+00 3.237e+00 2.955e+00 2.752e+00 2.555e+00 2.567e+00 2.503e+00 2.525e+00 2.441e+00 2.591e+00 3.263e+00 3.404e+00 3.746e+00 3.830e+00 3.750e+00
1.200e+01 2.907e+00 4.426e+00 3.792e+00 5.128e+00 3.813e+00 5.698e+00 4.992e+00 4.739e+00 4.905e+00 5.021e+00 5.906e+00 4.764e+00 4.923e+00 4.161e+00 4.424e+00 4.079e+00 4.084e+00 4.570e+00 5.409e+00 5.775e+00 4.667e+00
1.200e+01 5.506e+00 5.915e+00 5.736e+00 5.934e+00 5.510e+00 5.384e+00 6.026e+00 5.281e+00 8.042e+00 8.112e+00 8.049e+00 8.475e+00 8.138e+00 8.041e+00 6.985e+00 6.667e+00 5.853e+00 6.278e+00 5.766e+00 6.055e+00 6.828e+00
1.000e+00 3.445e+00 4.378e+00 5.949e+00 6.946e+00 8.043e+00 7.193e+00 7.724e+00 8.196e+00 8.840e+00 8.838e+00 8.309e+00 8.954e+00 8.538e+00 8.256e+00 7.663e+00 8.038e+00 7.779e+00 8.363e+00 7.791e+00 7.950e+00 1.698e+00
1.200e+01 4.538e+00 1.680e+02 4.229e+00 4.963e+00 6.594e+00 7.695e+00 7.159e+00 8.048e+00 7.308e+00 6.924e+00 6.622e+00 6.935e+00 7.218e+00 5.816e+00 4.321e+00 4.168e+00 4.570e+00 4.326e+00 3.581e+00 4.244e+00 3.462e+00
1.200e+01 -6.800e+01 1.980e+02 5.268e+00 3.320e+00 4.949e+00 7.576e+00 7.678e+00 8.070e+00 5.640e+00 4.974e+00 5.741e+00 6.519e+00 5.820e+00 5.133e+00 5.096e+00 3.511e+00 3.428e+00 3.305e+00 3.089e+00 3.654e+00 3.159e+00
3.000e+00 4.599e+00 5.960e+02 5.627e+00 5.200e+00 6.996e+00 8.595e+00 8.424e+00 9.010e+00 8.963e+00 9.090e+00 8.469e+00 8.764e+00 8.631e+00 8.509e+00 8.520e+00 8.499e+00 7.762e+00 7.034e+00 5.626e+00 5.826e+00 4.261e+00
1.200e+01 3.328e+00 3.371e+00 2.479e+00 2.750e+00 3.918e+00 4.397e+00 6.175e+00 6.660e+00 6.284e+00 6.389e+00 6.716e+00 6.397e+00 4.978e+00 4.159e+00 3.924e+00 3.530e+00 3.227e+00 2.681e+00 2.892e+00 2.696e+00 4.192e+00
1.200e+01 5.098e+00 6.297e+00 6.884e+00 7.246e+00 7.535e+00 8.360e+00 7.368e+00 7.129e+00 6.505e+00 5.762e+00 4.937e+00 6.338e+00 5.513e+00 5.595e+00 4.989e+00 5.245e+00 5.218e+00 4.291e+00 4.583e+00 6.150e+00 5.551e+00
1.200e+01 2.429e+00 3.496e+00 4.355e+00 4.479e+00 5.865e+00 6.140e+00 5.702e+00 2.754e+00 2.786e+00 1.905e+00 1.888e+00 1.691e+00 1.712e+00 1.518e+00 1.402e+00 1.456e+00 1.328e+00 1.552e+00 1.900e+00 1.907e+00 1.977e+00
8.000e+00 4.232e+00 4.263e+00 3.913e+00 3.852e+00 4.507e+00 4.426e+00 4.190e+00 4.315e+00 5.023e+00 4.509e+00 4.482e+00 4.058e+00 4.519e+00 3.916e+00 3.885e+00 4.157e+00 4.452e+00 4.185e+00 4.544e+00 4.746e+00 4.604e+00
3.000e+00 5.146e+00 1.228e+00 1.657e+00 5.110e+00 5.074e+00 6.129e+00 7.367e+00 8.596e+00 8.891e+00 8.841e+00 8.957e+00 8.591e+00 8.522e+00 8.478e+00 8.793e+00 8.720e+00 8.080e+00 5.737e+00 6.009e+00 6.496e+00 1.704e+00
8.000e+00 5.849e+00 6.177e+00 5.888e+00 5.521e+00 5.437e+00 6.321e+00 5.313e+00 5.161e+00 4.569e+00 4.002e+00 4.247e+00 4.355e+00 4.349e+00 4.557e+00 4.022e+00 4.026e+00 5.251e+00 5.634e+00 7.242e+00 5.796e+00 6.420e+00
3.000e+00 5.076e+00 4.833e+00 4.419e+00 5.529e+00 8.196e+00 8.481e+00 8.771e+00 8.580e+00 8.383e+00 8.768e+00 8.529e+00 8.159e+00 8.690e+00 8.794e+00 8.191e+00 8.537e+00 8.421e+00 5.401e+00 5.586e+00 1.864e+00 1.106e+00
1.200e+01 3.681e+00 4.277e+00 5.388e+00 4.992e+00 5.988e+00 5.887e+00 5.408e+00 5.762e+00 5.826e+00 6.322e+00 5.952e+00 6.701e+00 6.400e+00 6.461e+00 5.381e+00 5.043e+00 2.951e+00 3.908e+00 3.722e+00 4.657e+00 3.880e+00
1.200e+01 4.681e+00 -2.350e+02 -9.000e+00 5.492e+00 6.549e+00 6.286e+00 5.771e+00 6.909e+00 6.466e+00 7.344e+00 6.391e+00 7.722e+00 7.317e+00 6.253e+00 4.827e+00 4.470e+00 4.732e+00 4.029e+00 4.217e+00 3.911e+00 3.281e+00
1.200e+01 3.283e+00 3.639e+00 3.723e+00 5.207e+00 4.198e+00 6.168e+00 5.759e+00 4.575e+00 3.560e+00 3.041e+00 2.987e+00 2.774e+00 2.717e+00 2.637e+00 2.763e+00 2.730e+00 2.409e+00 2.748e+00 3.273e+00 3.677e+00 3.511e+00
8.000e+00 6.994e+00 7.329e+00 7.158e+00 7.317e+00 7.313e+00 6.561e+00 6.128e+00 5.307e+00 4.764e+00 4.492e+00 4.167e+00 4.075e+00 4.090e+00 3.865e+00 3.898e+00 5.080e+00 4.446e+00 5.226e+00 5.996e+00 6.235e+00 5.930e+00
1.000e+01 4.906e+00 5.144e+00 4.867e+00 5.040e+00 6.296e+00 6.234e+00 6.748e+00 6.932e+00 6.034e+00 5.409e+00 4.591e+00 5.566e+00 4.963e+00 3.744e+00 4.201e+00 4.295e+00 4.900e+00 5.446e+00 4.586e+00 5.558e+00 5.204e+00
1.200e+01 4.164e+00 9.870e+02 2.864e+00 2.773e+00 5.492e+00 6.070e+00 8.292e+00 7.006e+00 6.905e+00 7.804e+00 7.366e+00 7.134e+00 6.287e+00 5.528e+00 4.636e+00 3.480e+00 3.745e+00 3.487e+00 2.527e+00 2.890e+00 -9.400e+01
1.200e+01 3.670e+00 4.474e+00 4.598e+00 4.447e+00 4.891e+00 3.964e+00 4.221e+00 3.655e+00 3.250e+00 2.693e+00 2.417e+00 2.536e+00 2.383e+00 2.228e+00 2.175e+00 2.227e+00 2.079e+00 2.151e+00 3.483e+00 3.584e+00 4.080e+00
1.200e+01 -4.300e+01 2.150e+02 3.075e+00 4.090e+00 5.642e+00 5.740e+00 6.168e+00 7.025e+00 5.975e+00 5.753e+00 5.440e+00 5.916e+00 5.572e+00 3.672e+00 3.251e+00 3.056e+00 3.208e+00 2.768e+00 2.707e+00 3.489e+00 3.489e+00
8.000e+00 5.087e+00 5.514e+00 5.140e+00 5.276e+00 5.767e+00 6.852e+00 6.451e+00 5.564e+00 5.588e+00 5.199e+00 4.949e+00 5.118e+00 5.094e+00 4.626e+00 4.840e+00 4.752e+00 5.417e+00 5.122e+00 4.549e+00 5.127e+00 6.055e+00
1.200e+01 4.089e+00 4.348e+00 5.625e+00 6.626e+00 7.837e+00 7.164e+00 7.233e+00 6.315e+00 7.271e+00 6.832e+00 7.008e+00 7.365e+00 6.854e+00 4.898e+00 3.072e+00 5.683e+00 5.841e+00 1.185e+00 2.582e+00 3.884e+00 3.962e+00
3.000e+00 6.940e+02 1.378e+00 3.710e+00 4.093e+00 5.542e+00 6.574e+00 8.256e+00 8.793e+00 8.682e+00 8.565e+00 8.503e+00 8.728e+00 8.219e+00 7.981e+00 7.878e+00 7.793e+00 7.465e+00 4.956e+00 4.459e+00 4.462e+00 4.367e+00
3.000e+00 4.229e+00 2.138e+00 4.290e+00 4.512e+00 5.373e+00 7.857e+00 8.308e+00 8.582e+00 8.690e+00 9.034e+00 8.485e+00 8.427e+00 8.283e+00 7.730e+00 8.159e+00 7.623e+00 7.622e+00 5.489e+00 4.770e+00 5.849e+00 1.810e+00
1.200e+01 6.356e+00 6.517e+00 6.325e+00 6.684e+00 6.472e+00 5.380e+00 4.299e+00 3.108e+00 2.948e+00 2.499e+00 2.258e+00 2.537e+00 2.514e+00 2.412e+00 2.138e+00 2.212e+00 2.510e+00 3.226e+00 3.869e+00 5.201e+00 5.948e+00
1.200e+01 3.987e+00 4.501e+00 4.764e+00 5.474e+00 5.799e+00 5.136e+00 5.556e+00 4.934e+00 6.149e+00 6.411e+00 7.395e+00 7.766e+00 6.398e+00 6.098e+00 5.001e+00 4.032e+00 3.797e+00 4.277e+00 3.896e+00 3.935e+00 3.446e+00
8.000e+00 6.604e+00 6.385e+00 5.875e+00 6.561e+00 6.471e+00 6.871e+00 7.060e+00 7.322e+00 6.718e+00 5.960e+00 6.024e+00 5.826e+00 5.428e+00 6.333e+00 5.889e+00 5.683e+00 5.271e+00 6.145e+00 6.970e+00 6.683e+00 6.416e+00
1.200e+01 3.511e+00 3.798e+00 3.268e+00 5.253e+00 5.731e+00 6.119e+00 6.400e+00 6.117e+00 6.940e+00 5.871e+00 6.702e+00 6.274e+00 6.560e+00 4.995e+00 3.262e+00 3.341e+00 3.115e+00 3.586e+00 4.226e+00 3.918e+00 4.858e+00
1.200e+01 3.019e+00 -4.000e+00 2.978e+00 3.043e+00 4.923e+00 6.306e+00 6.218e+00 7.358e+00 6.275e+00 6.726e+00 7.350e+00 6.436e+00 5.973e+00 5.498e+00 4.509e+00 3.982e+00 4.315e+00 3.328e+00 2.789e+00 3.406e+00 3.244e+00
1.200e+01 3.832e+00 4.196e+00 3.325e+00 4.154e+00 4.622e+00 5.293e+00 6.252e+00 5.757e+00 4.141e+00 3.886e+00 3.791e+00 3.870e+00 4.148e+00 4.340e+00 3.013e+00 3.069e+00 2.963e+00 2.756e+00 2.141e+00 2.349e+00 2.147e+00
3.000e+00 3.922e+00 3.080e+02 4.347e+00 4.412e+00 4.879e+00 7.953e+00 8.736e+00 9.053e+00 9.053e+00 9.098e+00 9.108e+00 9.111e+00 8.912e+00 8.794e+00 8.841e+00 8.498e+00 8.402e+00 6.275e+00 4.920e+00 5.873e+00 4.319e+00
3.000e+00 4.379e+00 2.050e+00 3.750e+00 4.724e+00 5.370e+00 5.514e+00 9.438e+00 9.371e+00 9.255e+00 9.346e+00 9.310e+00 9.189e+00 9.169e+00 9.073e+00 8.971e+00 8.890e+00 8.409e+00 6.336e+00 5.561e+00 5.518e+00 4.421e+00
1.200e+01 3.724e+00 2.290e+02 4.032e+00 4.234e+00 6.118e+00 6.513e+00 6.979e+00 7.262e+00 6.331e+00 6.140e+00 5.784e+00 6.306e+00 5.473e+00 5.292e+00 4.382e+00 3.673e+00 4.775e+00 3.847e+00 2.952e+00 3.237e+00 3.620e+02
1.200e+01 5.402e+00 5.469e+00 6.376e+00 5.921e+00 6.586e+00 5.391e+00 4.779e+00 3.551e+00 3.476e+00 3.051e+00 3.058e+00 3.049e+00 2.520e+00 2.499e+00 2.783e+00 2.488e+00 2.563e+00 3.782e+00 4.365e+00 4.531e+00 4.848e+00
3.000e+00 4.927e+00 4.508e+00 4.507e+00 4.480e+00 7.673e+00 8.446e+00 8.885e+00 9.025e+00 8.760e+00 8.616e+00 8.898e+00 8.869e+00 8.653e+00 8.668e+00 8.534e+00 8.538e+00 8.573e+00 7.380e+00 5.907e+00 5.007e+00 5.288e+00
1.200e+01 -6.200e+01 4.500e+01 2.212e+00 2.324e+00 3.122e+00 3.024e+00 5.487e+00 4.744e+00 6.621e+00 6.958e+00 7.412e+00 7.279e+00 6.951e+00 6.262e+00 5.242e+00 4.187e+00 3.265e+00 2.554e+00 2.553e+00 2.516e+00 2.416e+00
1.200e+01 7.230e+02 4.130e+02 3.127e+00 3.927e+00 5.349e+00 5.998e+00 7.550e+00 7.898e+00 7.905e+00 7.518e+00 7.545e+00 7.337e+00 7.284e+00 7.250e+00 6.030e+00 5.670e+00 5.246e+00 4.187e+00 4.080e+00 4.297e+00 3.020e+00
1.000e+01 6.303e+00 6.557e+00 7.028e+00 6.760e+00 6.497e+00 6.423e+00 4.790e+00 3.241e+00 2.802e+00 2.685e+00 2.569e+00 2.323e+00 2.376e+00 2.284e+00 2.228e+00 2.248e+00 2.516e+00 2.904e+00 3.660e+00 4.190e+00 4.831e+00
8.000e+00 5.361e+00 5.610e+00 5.587e+00 7.034e+00 8.115e+00 8.603e+00 8.641e+00 8.492e+00 8.094e+00 8.142e+00 7.927e+00 7.350e+00 7.199e+00 7.248e+00 6.853e+00 7.170e+00 6.617e+00 6.535e+00 6.314e+00 4.788e+00 4.799e+00
3.000e+00 5.926e+00 3.621e+00 5.040e+00 5.174e+00 5.670e+00 5.333e+00 7.989e+00 8.789e+00 9.524e+00 9.081e+00 9.140e+00 9.174e+00 9.124e+00 9.025e+00 8.796e+00 8.606e+00 8.116e+00 6.426e+00 5.704e+00 5.273e+00 5.754e+00
1.200e+01 5.156e+00 6.039e+00 6.751e+00 7.702e+00 7.934e+00 7.331e+00 6.968e+00 5.115e+00 5.568e+00 5.668e+00 6.488e+00 6.066e+00 5.670e+00 4.943e+00 5.543e+00 4.747e+00 4.426e+00 4.357e+00 4.494e+00 5.565e+00 6.348e+00
1.200e+01 5.297e+00 5.331e+00 5.697e+00 5.907e+00 6.251e+00 6.148e+00 6.424e+00 5.925e+00 6.972e+00 6.427e+00 7.114e+00 6.800e+00 6.218e+00 6.338e+00 6.708e+00 6.492e+00 5.369e+00 5.574e+00 5.565e+00 5.124e+00 5.202e+00
1.200e+01 2.936e+00 2.909e+00 3.370e+00 3.092e+00 3.505e+00 3.523e+00 3.505e+00 3.535e+00 3.402e+00 2.997e+00 2.634e+00 2.558e+00 2.617e+00 2.907e+00 2.681e+00 2.588e+00 2.272e+00 2.778e+00 2.649e+00 3.550e+00 2.871e+00
1.200e+01 3.874e+00 3.260e+02 4.000e+00 4.503e+00 6.512e+00 8.437e+00 7.340e+00 8.071e+00 8.263e+00 7.258e+00 7.126e+00 7.420e+00 7.894e+00 7.522e+00 6.323e+00 6.275e+00 4.927e+00 5.315e+00 3.930e+00 4.096e+00 3.577e+00
1.200e+01 5.721e+00 9.830e+02 4.953e+00 5.944e+00 7.359e+00 7.450e+00 7.371e+00 7.354e+00 7.035e+00 4.465e+00 4.072e+00 4.101e+00 4.384e+00 4.530e+00 3.401e+00 3.418e+00 2.796e+00 4.184e+00 5.031e+00 5.350e+00 2.700e+01
8.000e+00 5.633e+00 5.819e+00 6.036e+00 6.499e+00 6.516e+00 7.115e+00 6.137e+00 5.278e+00 4.863e+00 3.714e+00 3.786e+00 3.712e+00 3.658e+00 3.580e+00 3.636e+00 3.349e+00 3.375e+00 4.562e+00 5.768e+00 6.434e+00 6.733e+00
8.000e+00 3.891e+00 4.185e+00 3.669e+00 3.444e+00 4.848e+00 4.546e+00 4.573e+00 4.596e+00 4.749e+00 4.122e+00 3.847e+00 3.255e+00 3.296e+00 3.364e+00 3.478e+00 3.570e+00 3.663e+00 2.801e+00 3.956e+00 3.703e+00 4.726e+00
6.000e+00 2.400e+00 2.600e+00 2.651e+00 2.461e+00 2.559e+00 3.075e+00 2.729e+00 2.872e+00 2.358e+00 2.193e+00 2.096e+00 1.817e+00 1.824e+00 1.963e+00 2.172e+00 1.840e+00 1.923e+00 1.929e+00 2.439e+00 2.478e+00 2.363e+00
1.200e+01 4.398e+00 4.534e+00 5.720e+00 7.211e+00 6.384e+00 6.437e+00 6.293e+00 5.306e+00 5.295e+00 4.168e+00 4.036e+00 3.633e+00 4.253e+00 3.504e+00 4.071e+00 3.744e+00 3.555e+00 4.417e+00 4.696e+00 5.098e+00 5.111e+00
1.200e+01 4.431e+00 5.223e+00 5.919e+00 6.918e+00 6.643e+00 7.550e+00 6.021e+00 4.507e+00 5.763e+00 5.536e+00 5.776e+00 5.872e+00 4.601e+00 4.067e+00 4.831e+00 4.400e+00 4.529e+00 4.047e+00 3.217e+00 4.763e+00 4.348e+00
1.200e+01 3.440e+00 5.422e+00 3.049e+00 3.808e+00 4.888e+00 6.022e+00 7.870e+00 7.670e+00 6.426e+00 4.383e+00 4.219e+00 4.812e+00 3.896e+00 3.039e+00 2.438e+00 2.368e+00 2.036e+00 2.136e+00 2.248e+00 4.786e+00 2.561e+00
8.000e+00 5.692e+00 5.673e+00 5.397e+00 5.000e+00 5.550e+00 5.584e+00 5.518e+00 5.040e+00 5.558e+00 5.280e+00 5.374e+00 5.972e+00 5.254e+00 5.601e+00 6.376e+00 5.441e+00 5.386e+00 5.696e+00 7.053e+00 7.105e+00 4.367e+00
1.200e+01 2.734e+00 3.100e+00 5.097e+00 4.794e+00 7.319e+00 7.436e+00 7.415e+00 6.718e+00 7.162e+00 5.663e+00 4.704e+00 5.137e+00 5.850e+00 5.962e+00 5.464e+00 3.894e+00 3.457e+00 2.889e+00 3.195e+00 4.005e+00 4.975e+00
1.200e+01 6.181e+00 2.270e+00 6.293e+00 7.316e+00 8.778e+00 8.517e+00 8.507e+00 8.284e+00 5.512e+00 4.042e+00 2.876e+00 2.389e+00 2.199e+00 2.146e+00 1.868e+00 1.921e+00 1.980e+00 2.030e+00 2.103e+00 2.273e+00 3.068e+00
8.000e+00 6.303e+00 6.839e+00 6.238e+00 6.593e+00 7.124e+00 5.722e+00 5.757e+00 5.483e+00 4.891e+00 5.269e+00 3.974e+00 4.772e+00 4.222e+00 3.964e+00 4.554e+00 4.678e+00 5.076e+00 4.570e+00 5.989e+00 5.679e+00 5.956e+00
8.000e+00 6.847e+00 6.429e+00 6.125e+00 5.962e+00 5.786e+00 5.690e+00 5.235e+00 5.568e+00 5.733e+00 5.458e+00 5.207e+00 5.021e+00 5.119e+00 5.114e+00 4.813e+00 5.166e+00 5.300e+00 5.619e+00 6.907e+00 6.636e+00 6.248e+00
1.200e+01 2.909e+00 2.816e+00 2.265e+00 2.470e+00 3.941e+00 4.158e+00 6.510e+00 7.003e+00 6.711e+00 6.043e+00 6.276e+00 5.524e+00 5.561e+00 4.895e+00 4.435e+00 4.705e+00 3.961e+00 3.456e+00 2.964e+00 3.802e+00 2.649e+00
6.000e+00 4.145e+00 3.696e+00 3.593e+00 4.168e+00 4.581e+00 4.884e+00 4.723e+00 4.023e+00 3.722e+00 3.135e+00 3.165e+00 2.954e+00 3.142e+00 2.457e+00 3.074e+00 2.837e+00 2.729e+00 2.871e+00 3.687e+00 3.712e+00 3.557e+00
8.000e+00 6.507e+00 7.081e+00 7.185e+00 6.977e+00 7.457e+00 7.059e+00 5.767e+00 4.969e+00 4.477e+00 3.675e+00 3.359e+00 3.479e+00 3.552e+00 3.476e+00 3.227e+00 3.339e+00 3.316e+00 4.897e+00 6.232e+00 6.579e+00 6.542e+00
1.200e+01 4.212e+00 5.160e+00 5.154e+00 5.660e+00 5.418e+00 5.783e+00 6.188e+00 6.200e+00 6.408e+00 6.269e+00 5.700e+00 5.833e+00 4.858e+00 3.772e+00 4.918e+00 4.404e+00 2.716e+00 2.797e+00 3.973e+00 4.091e+00 3.317e+00
8.000e+00 5.006e+00 5.506e+00 4.820e+00 4.343e+00 5.048e+00 5.663e+00 6.438e+00 5.182e+00 5.765e+00 5.426e+00 5.099e+00 4.962e+00 5.177e+00 4.962e+00 5.014e+00 5.371e+00 5.468e+00 5.428e+00 5.873e+00 5.188e+00 6.044e+00
1.200e+01 3.126e+00 -2.470e+02 -3.800e+01 3.829e+00 5.391e+00 4.346e+00 5.344e+00 4.472e+00 5.592e+00 6.052e+00 6.888e+00 6.922e+00 6.786e+00 4.191e+00 4.477e+00 3.567e+00 3.433e+00 2.355e+00 2.936e+00 2.607e+00 1.380e+02
1.200e+01 3.721e+00 4.007e+00 5.805e+00 7.217e+00 8.696e+00 7.592e+00 8.394e+00 7.540e+00 5.687e+00 5.749e+00 5.158e+00 6.134e+00 4.736e+00 5.304e+00 5.078e+00 4.389e+00 4.768e+00 4.520e+00 5.520e+00 4.494e+00 3.471e+00
1.200e+01 1.800e+00 1.753e+00 1.894e+00 2.134e+00 1.724e+00 2.187e+00 2.339e+00 2.633e+00 3.377e+00 3.815e+00 3.470e+00 3.547e+00 4.170e+00 3.571e+00 3.954e+00 3.063e+00 2.966e+00 3.105e+00 2.191e+00 2.391e+00 2.175e+00
1.200e+01 4.440e+00 7.200e+01 4.036e+00 4.916e+00 6.419e+00 5.683e+00 6.531e+00 6.827e+00 6.593e+00 6.630e+00 6.621e+00 7.068e+00 7.271e+00 6.242e+00 5.971e+00 6.211e+00 6.125e+00 4.635e+00 4.805e+00 5.134e+00 3.000e+02
1.200e+01 4.013e+00 2.136e+00 3.163e+00 4.062e+00 4.166e+00 5.030e+00 4.225e+00 3.525e+00 5.141e+00 4.635e+00 3.728e+00 4.550e+00 4.657e+00 3.716e+00 3.560e+00 4.181e+00 4.919e+00 3.929e+00 4.660e+00 4.243e+00 4.030e+00
1.200e+01 5.913e+00 6.847e+00 8.009e+00 7.620e+00 7.643e+00 7.514e+00 7.144e+00 7.132e+00 4.455e+00 4.426e+00 1.241e+00 5.862e+00 5.207e+00 4.584e+00 4.524e+00 5.243e+00 5.389e+00 6.049e+00 6.234e+00 6.835e+00 6.656e+00
1.200e+01 4.599e+00 4.953e+00 5.050e+00 6.165e+00 6.384e+00 5.709e+00 5.047e+00 5.272e+00 5.390e+00 4.939e+00 4.296e+00 5.352e+00 5.382e+00 4.941e+00 5.693e+00 5.112e+00 4.893e+00 5.906e+00 4.921e+00 6.240e+00 5.048e+00
1.200e+01 4.213e+00 1.440e+02 4.331e+00 3.888e+00 5.448e+00 6.073e+00 7.151e+00 5.763e+00 6.321e+00 5.136e+00 4.170e+00 4.993e+00 5.998e+00 5.454e+00 4.147e+00 3.555e+00 3.372e+00 3.362e+00 2.345e+00 3.139e+00 2.984e+00
3.000e+00 4.963e+00 2.341e+00 4.486e+00 5.448e+00 7.739e+00 8.651e+00 8.755e+00 8.676e+00 8.543e+00 8.744e+00 8.672e+00 8.563e+00 8.393e+00 8.070e+00 7.887e+00 8.038e+00 7.991e+00 5.319e+00 1.936e+00 5.282e+00 3.749e+00
3.000e+00 4.562e+00 4.912e+00 2.881e+00 4.628e+00 7.766e+00 9.280e+00 8.942e+00 9.270e+00 9.813e+00 8.963e+00 8.830e+00 8.965e+00 8.786e+00 8.838e+00 8.692e+00 8.325e+00 7.592e+00 5.737e+00 5.388e+00 4.604e+00 5.006e+00
8.000e+00 7.339e+00 6.979e+00 7.097e+00 7.214e+00 6.674e+00 6.956e+00 6.939e+00 6.724e+00 6.710e+00 5.678e+00 6.051e+00 5.953e+00 5.717e+00 6.470e+00 6.254e+00 5.632e+00 4.343e+00 6.228e+00 7.578e+00 6.696e+00 7.324e+00
3.000e+00 6.060e+02 3.020e+02 3.547e+00 4.047e+00 4.391e+00 6.887e+00 7.824e+00 8.857e+00 8.586e+00 8.417e+00 7.774e+00 8.302e+00 8.183e+00 7.633e+00 7.661e+00 7.969e+00 7.931e+00 5.908e+00 4.457e+00 5.765e+00 9.760e+02
3.000e+00 4.216e+00 1.346e+00 3.820e+00 4.006e+00 5.096e+00 4.804e+00 8.291e+00 8.880e+00 8.830e+00 9.096e+00 8.887e+00 8.672e+00 8.808e+00 8.515e+00 8.173e+00 7.913e+00 6.526e+00 5.850e+00 5.080e+00 4.501e+00 9.750e+02
1.200e+01 -3.000e+00 1.510e+02 3.394e+00 4.705e+00 5.689e+00 7.010e+00 7.660e+00 6.690e+00 7.091e+00 5.137e+00 4.913e+00 6.310e+00 5.484e+00 4.451e+00 4.648e+00 3.577e+00 3.144e+00 3.083e+00 2.342e+00 2.989e+00 2.767e+00
1.200e+01 6.792e+00 7.079e+00 7.232e+00 8.028e+00 6.660e+00 7.456e+00 6.966e+00 5.563e+00 5.869e+00 6.262e+00 6.700e+00 7.483e+00 7.609e+00 8.277e+00 7.325e+00 4.943e+00 4.285e+00 3.815e+00 6.136e+00 5.813e+00 6.939e+00
1.200e+01 3.382e+00 3.112e+00 3.379e+00 2.957e+00 3.382e+00 3.790e+00 3.823e+00 2.783e+00 2.653e+00 2.677e+00 3.053e+00 2.734e+00 2.303e+00 2.073e+00 2.102e+00 2.360e+00 2.861e+00 2.784e+00 2.755e+00 3.324e+00 2.894e+00
1.200e+01 4.138e+00 -1.620e+02 3.825e+00 3.181e+00 7.583e+00 8.040e+00 5.261e+00 7.771e+00 7.706e+00 6.845e+00 6.213e+00 6.659e+00 6.034e+00 5.612e+00 3.584e+00 3.057e+00 2.788e+00 2.677e+00 2.785e+00 3.193e+00 4.092e+00
8.000e+00 5.908e+00 6.807e+00 5.663e+00 7.006e+00 6.197e+00 5.954e+00 6.246e+00 6.182e+00 6.287e+00 5.683e+00 5.727e+00 5.112e+00 5.734e+00 5.637e+00 6.180e+00 6.690e+00 5.370e+00 5.832e+00 6.477e+00 6.595e+00 7.249e+00
8.000e+00 6.383e+00 7.155e+00 7.296e+00 5.792e+00 6.101e+00 6.603e+00 6.032e+00 6.929e+00 6.390e+00 6.016e+00 6.336e+00 6.392e+00 5.609e+00 5.735e+00 6.417e+00 6.435e+00 5.862e+00 6.299e+00 6.599e+00 6.114e+00 7.310e+00
8.000e+00 7.530e+00 7.296e+00 7.476e+00 7.340e+00 6.607e+00 7.060e+00 6.829e+00 7.134e+00 6.862e+00 6.585e+00 6.435e+00 6.635e+00 6.446e+00 6.662e+00 6.828e+00 6.728e+00 7.542e+00 7.352e+00 7.872e+00 7.425e+00 7.360e+00
8.000e+00 6.363e+00 6.478e+00 6.022e+00 5.681e+00 5.499e+00 6.107e+00 5.621e+00 5.579e+00 5.875e+00 6.034e+00 5.576e+00 5.743e+00 5.084e+00 5.207e+00 5.879e+00 6.139e+00 5.981e+00 6.136e+00 6.846e+00 6.790e+00 7.068e+00
1.200e+01 3.102e+00 2.200e+01 2.617e+00 3.261e+00 5.429e+00 6.307e+00 7.315e+00 7.735e+00 6.926e+00 5.609e+00 5.854e+00 6.427e+00 5.919e+00 5.521e+00 4.361e+00 3.259e+00 2.657e+00 3.151e+00 3.057e+00 3.428e+00 3.441e+00
1.200e+01 2.664e+00 2.568e+00 3.083e+00 3.607e+00 4.707e+00 5.323e+00 5.475e+00 5.080e+00 3.961e+00 4.149e+00 4.142e+00 4.122e+00 3.881e+00 3.776e+00 4.341e+00 3.801e+00 3.423e+00 2.945e+00 3.098e+00 3.482e+00 3.147e+00
6.000e+00 4.194e+00 4.377e+00 3.778e+00 4.330e+00 4.402e+00 5.000e+00 4.566e+00 4.207e+00 3.382e+00 3.018e+00 2.807e+00 2.819e+00 3.101e+00 3.112e+00 3.009e+00 2.902e+00 3.060e+00 3.272e+00 4.262e+00 3.942e+00 4.032e+00
1.200e+01 7.043e+00 7.234e+00 6.484e+00 6.218e+00 6.195e+00 5.685e+00 5.272e+00 5.224e+00 4.494e+00 4.690e+00 4.080e+00 3.868e+00 4.036e+00 3.487e+00 3.892e+00 3.824e+00 3.679e+00 5.473e+00 5.741e+00 5.898e+00 6.166e+00
1.200e+01 4.414e+00 -7.000e+01 3.975e+00 5.498e+00 6.794e+00 7.031e+00 7.096e+00 6.962e+00 6.779e+00 4.805e+00 4.697e+00 5.818e+00 5.578e+00 4.301e+00 4.026e+00 3.769e+00 3.790e+00 3.213e+00 3.829e+00 3.892e+00 3.649e+00
3.000e+00 3.911e+00 6.610e+02 3.796e+00 3.904e+00 5.936e+00 8.883e+00 9.001e+00 8.938e+00 8.638e+00 8.844e+00 8.916e+00 8.443e+00 8.394e+00 7.997e+00 8.028e+00 7.618e+00 7.956e+00 5.501e+00 4.528e+00 5.254e+00 4.917e+00
8.000e+00 5.048e+00 5.075e+00 4.661e+00 5.884e+00 5.029e+00 4.288e+00 5.065e+00 5.006e+00 5.521e+00 4.142e+00 5.174e+00 4.707e+00 4.675e+00 5.576e+00 5.168e+00 4.982e+00 5.343e+00 5.895e+00 6.523e+00 6.116e+00 6.278e+00
8.000e+00 5.645e+00 5.108e+00 5.186e+00 5.350e+00 5.625e+00 5.785e+00 6.316e+00 7.274e+00 6.681e+00 6.035e+00 5.777e+00 5.742e+00 5.410e+00 5.799e+00 5.138e+00 5.478e+00 5.149e+00 5.243e+00 4.951e+00 5.405e+00 5.207e+00
1.000e+00 6.584e+00 4.765e+00 6.876e+00 6.297e+00 7.254e+00 6.793e+00 6.110e+00 6.578e+00 6.662e+00 6.579e+00 7.203e+00 7.468e+00 7.009e+00 7.028e+00 7.100e+00 6.904e+00 7.009e+00 7.402e+00 8.156e+00 7.811e+00 7.723e+00
3.000e+00 4.111e+00 1.166e+00 3.879e+00 4.282e+00 6.882e+00 8.705e+00 9.009e+00 9.065e+00 9.006e+00 9.000e+00 8.837e+00 8.964e+00 8.877e+00 8.725e+00 8.705e+00 8.253e+00 7.991e+00 5.115e+00 4.734e+00 5.000e+00 4.028e+00
1.200e+01 2.323e+00 2.613e+00 3.657e+00 5.125e+00 5.009e+00 6.428e+00 5.748e+00 5.537e+00 3.355e+00 2.922e+00 2.835e+00 2.822e+00 2.941e+00 3.078e+00 2.657e+00 2.478e+00 2.740e+00 1.981e+00 2.252e+00 2.438e+00 2.281e+00
1.200e+01 4.813e+00 4.491e+00 3.972e+00 4.913e+00 4.219e+00 4.589e+00 5.552e+00 7.002e+00 6.499e+00 5.943e+00 4.862e+00 4.698e+00 3.812e+00 3.312e+00 3.633e+00 3.248e+00 2.584e+00 4.739e+00 4.756e+00 4.922e+00 4.691e+00
6.000e+00 3.078e+00 3.177e+00 3.276e+00 5.078e+00 4.264e+00 4.747e+00 5.001e+00 3.827e+00 3.590e+00 3.292e+00 3.509e+00 3.358e+00 3.204e+00 3.157e+00 3.061e+00 3.235e+00 3.311e+00 3.263e+00 3.774e+00 3.491e+00 2.972e+00
1.200e+01 5.085e+00 6.990e+02 5.375e+00 5.591e+00 6.928e+00 7.750e+00 8.027e+00 7.408e+00 6.176e+00 5.924e+00 5.551e+00 5.678e+00 5.240e+00 5.129e+00 5.040e+00 5.283e+00 5.781e+00 4.809e+00 4.175e+00 3.314e+00 -1.550e+02
3.000e+00 2.635e+00 4.580e+00 5.160e+02 4.746e+00 6.691e+00 8.149e+00 8.589e+00 8.572e+00 8.550e+00 8.464e+00 8.458e+00 8.643e+00 8.602e+00 8.183e+00 7.937e+00 7.571e+00 7.991e+00 4.865e+00 5.416e+00 4.789e+00 7.530e+02
6.000e+00 3.660e+00 3.581e+00 3.584e+00 3.729e+00 4.495e+00 4.514e+00 3.649e+00 3.729e+00 3.225e+00 3.325e+00 3.472e+00 3.176e+00 3.083e+00 3.064e+00 3.300e+00 3.356e+00 3.632e+00 3.650e+00 4.571e+00 4.501e+00 4.578e+00
1.200e+01 5.495e+00 2.248e+00 4.583e+00 5.304e+00 5.308e+00 6.975e+00 7.707e+00 8.353e+00 8.150e+00 4.949e+00 5.565e+00 5.442e+00 5.666e+00 4.566e+00 3.378e+00 3.673e+00 3.501e+00 3.102e+00 2.690e+00 2.951e+00 -7.000e+01
8.000e+00 7.118e+00 6.122e+00 5.735e+00 5.186e+00 5.193e+00 5.821e+00 5.830e+00 5.136e+00 5.445e+00 5.235e+00 5.173e+00 4.842e+00 5.092e+00 5.016e+00 5.209e+00 5.454e+00 5.492e+00 7.272e+00 6.152e+00 6.176e+00 6.386e+00
1.200e+01 3.783e+00 3.264e+00 4.474e+00 4.401e+00 5.242e+00 3.924e+00 3.892e+00 4.434e+00 4.931e+00 4.182e+00 3.655e+00 2.497e+00 2.192e+00 2.170e+00 1.973e+00 1.958e+00 2.167e+00 2.062e+00 2.298e+00 2.561e+00 3.823e+00
6.000e+00 2.562e+00 2.661e+00 2.757e+00 2.963e+00 3.907e+00 3.977e+00 5.640e+00 4.855e+00 4.359e+00 3.978e+00 3.201e+00 3.143e+00 3.245e+00 3.735e+00 3.212e+00 3.025e+00 2.429e+00 3.183e+00 2.758e+00 3.123e+00 3.463e+00
1.200e+01 4.219e+00 5.200e+02 4.054e+00 3.135e+00 6.190e+00 7.601e+00 8.048e+00 7.224e+00 7.446e+00 7.176e+00 6.505e+00 5.727e+00 6.142e+00 5.485e+00 4.939e+00 4.361e+00 5.373e+00 4.715e+00 3.901e+00 4.400e+00 2.280e+02
1.000e+01 5.258e+00 5.544e+00 5.793e+00 5.770e+00 6.730e+00 6.948e+00 6.599e+00 6.095e+00 5.937e+00 5.260e+00 4.410e+00 4.257e+00 4.985e+00 4.408e+00 4.343e+00 4.032e+00 4.190e+00 4.439e+00 5.362e+00 4.927e+00 5.069e+00
1.200e+01 -1.330e+02 1.410e+02 2.962e+00 2.891e+00 4.335e+00 4.871e+00 7.045e+00 6.607e+00 6.881e+00 6.132e+00 6.173e+00 6.016e+00 5.147e+00 5.279e+00 3.675e+00 3.496e+00 2.661e+00 2.495e+00 2.470e+00 4.397e+00 2.345e+00
1.200e+01 3.674e+00 4.818e+00 5.838e+00 6.371e+00 6.672e+00 6.588e+00 5.580e+00 4.709e+00 4.840e+00 5.706e+00 4.943e+00 5.724e+00 5.136e+00 4.985e+00 3.836e+00 3.627e+00 3.920e+00 3.133e+00 3.409e+00 3.828e+00 3.889e+00
1.000e+00 7.572e+00 7.401e+00 7.147e+00 7.459e+00 6.628e+00 6.538e+00 6.692e+00 7.604e+00 7.383e+00 7.343e+00 6.800e+00 5.987e+00 6.049e+00 6.551e+00 6.112e+00 6.050e+00 6.879e+00 6.208e+00 6.499e+00 6.738e+00 7.395e+00
3.000e+00 4.409e+00 3.843e+00 4.655e+00 5.018e+00 6.866e+00 8.332e+00 8.359e+00 9.101e+00 8.826e+00 8.802e+00 8.566e+00 8.894e+00 8.452e+00 8.445e+00 8.543e+00 8.220e+00 7.945e+00 6.101e+00 5.876e+00 4.815e+00 4.800e+00
1.000e+01 -2.230e+02 -1.970e+02 -5.750e+02 -4.670e+02 -3.000e+00 -4.400e+01 4.270e+02 1.891e+00 3.167e+00 4.815e+00 3.231e+00 5.414e+00 3.295e+00 4.389e+00 3.862e+00 3.774e+00 4.220e+02 2.137e+00 2.695e+00 -2.030e+02 -4.480e+02
1.200e+01 -1.170e+02 2.310e+02 2.738e+00 3.188e+00 5.474e+00 5.245e+00 6.617e+00 7.382e+00 6.975e+00 7.343e+00 6.163e+00 6.572e+00 6.085e+00 5.494e+00 5.355e+00 4.939e+00 4.404e+00 3.131e+00 2.596e+00 2.960e+00 2.874e+00
1.000e+01 3.343e+00 5.630e+02 3.068e+00 3.231e+00 3.751e+00 5.504e+00 5.510e+00 5.907e+00 5.468e+00 5.093e+00 4.701e+00 4.188e+00 4.300e+00 3.626e+00 3.347e+00 3.454e+00 4.023e+00 3.391e+00 3.212e+00 3.778e+00 3.245e+00
1.000e+01 -3.760e+02 -1.100e+02 -1.410e+02 2.050e+02 2.370e+02 2.405e+00 1.978e+00 3.669e+00 3.548e+00 6.105e+00 5.798e+00 6.570e+00 5.065e+00 5.577e+00 4.793e+00 4.596e+00 3.395e+00 4.485e+00 4.125e+00 4.650e+02 -3.400e+01
1.200e+01 3.832e+00 4.783e+00 3.119e+00 3.171e+00 5.603e+00 4.839e+00 6.846e+00 6.566e+00 7.889e+00 7.695e+00 7.216e+00 5.669e+00 5.263e+00 4.907e+00 4.010e+00 2.741e+00 2.557e+00 2.565e+00 2.033e+00 3.553e+00 -2.800e+01
1.200e+01 3.410e+00 2.677e+00 3.351e+00 5.037e+00 5.929e+00 4.320e+00 5.640e+00 3.574e+00 3.214e+00 3.080e+00 3.188e+00 2.773e+00 2.324e+00 2.072e+00 2.031e+00 1.763e+00 1.756e+00 1.818e+00 2.123e+00 3.873e+00 4.322e+00
1.200e+01 3.714e+00 -1.300e+02 3.077e+00 3.770e+00 5.351e+00 7.246e+00 7.881e+00 8.087e+00 6.688e+00 5.186e+00 4.041e+00 5.247e+00 4.349e+00 3.163e+00 3.742e+00 2.840e+00 3.048e+00 2.419e+00 2.716e+00 3.166e+00 2.435e+00
3.000e+00 7.624e+00 1.850e+00 4.079e+00 4.657e+00 5.380e+00 6.676e+00 6.222e+00 8.920e+00 9.177e+00 9.408e+00 8.861e+00 9.135e+00 9.080e+00 9.175e+00 9.017e+00 8.656e+00 7.598e+00 6.206e+00 5.014e+00 5.560e+00 4.673e+00
1.200e+01 3.497e+00 1.180e+02 2.852e+00 3.522e+00 3.407e+00 4.483e+00 4.852e+00 6.460e+00 6.751e+00 7.921e+00 7.301e+00 7.202e+00 5.466e+00 5.180e+00 4.032e+00 3.041e+00 3.430e+00 3.389e+00 3.249e+00 3.810e+00 3.524e+00
8.000e+00 6.690e+00 4.116e+00 6.284e+00 5.781e+00 5.347e+00 5.093e+00 5.064e+00 5.001e+00 4.737e+00 4.753e+00 4.377e+00 4.328e+00 5.201e+00 4.302e+00 4.119e+00 4.652e+00 5.025e+00 5.332e+00 6.198e+00 6.231e+00 6.094e+00
3.000e+00 4.773e+00 2.145e+00 3.806e+00 4.272e+00 5.334e+00 5.451e+00 7.933e+00 8.753e+00 8.732e+00 8.958e+00 8.116e+00 8.320e+00 8.392e+00 7.691e+00 8.366e+00 8.443e+00 7.575e+00 4.761e+00 4.259e+00 4.141e+00 4.523e+00
1.200e+01 4.644e+00 4.605e+00 4.808e+00 5.780e+00 7.521e+00 7.543e+00 7.812e+00 7.748e+00 5.632e+00 5.943e+00 4.146e+00 3.679e+00 4.158e+00 3.741e+00 2.870e+00 3.136e+00 3.706e+00 3.830e+00 3.852e+00 3.755e+00 4.721e+00
8.000e+00 5.149e+00 5.632e+00 6.106e+00 5.634e+00 5.410e+00 5.571e+00 5.885e+00 4.929e+00 5.362e+00 4.887e+00 4.983e+00 4.828e+00 4.436e+00 5.433e+00 4.757e+00 5.414e+00 5.201e+00 3.863e+00 5.339e+00 5.081e+00 6.701e+00
8.000e+00 7.197e+00 6.797e+00 6.942e+00 6.896e+00 6.944e+00 6.469e+00 5.785e+00 6.096e+00 6.179e+00 5.793e+00 5.685e+00 5.515e+00 5.329e+00 5.895e+00 5.016e+00 5.194e+00 5.647e+00 6.143e+00 6.716e+00 6.622e+00 6.987e+00
1.200e+01 3.425e+00 3.300e+02 4.087e+00 3.191e+00 6.347e+00 3.736e+00 5.703e+00 5.807e+00 6.121e+00 6.067e+00 4.890e+00 3.636e+00 4.090e+00 3.892e+00 3.691e+00 3.242e+00 2.362e+00 3.330e+00 3.216e+00 3.455e+00 -1.450e+02
1.200e+01 2.941e+00 3.217e+00 3.224e+00 3.094e+00 3.360e+00 3.402e+00 3.206e+00 2.832e+00 3.071e+00 2.643e+00 2.602e+00 2.716e+00 2.487e+00 2.775e+00 2.562e+00 2.767e+00 2.738e+00 3.382e+00 3.897e+00 3.484e+00 4.556e+00
1.000e+01 6.069e+00 6.733e+00 6.413e+00 6.593e+00 6.591e+00 7.277e+00 6.008e+00 5.721e+00 4.643e+00 3.391e+00 3.091e+00 3.050e+00 2.764e+00 3.106e+00 3.137e+00 2.811e+00 3.196e+00 4.126e+00 5.085e+00 6.234e+00 6.259e+00
1.200e+01 4.751e+00 1.510e+02 4.157e+00 4.211e+00 6.041e+00 7.225e+00 6.045e+00 6.057e+00 6.641e+00 6.359e+00 6.604e+00 6.103e+00 4.660e+00 4.085e+00 2.998e+00 2.385e+00 2.420e+00 2.806e+00 2.840e+00 2.900e+00 3.400e+00
1.200e+01 3.928e+00 1.510e+02 3.923e+00 5.719e+00 8.081e+00 5.873e+00 7.651e+00 7.521e+00 7.355e+00 5.184e+00 6.932e+00 7.169e+00 6.293e+00 4.067e+00 4.274e+00 2.944e+00 2.464e+00 4.180e+00 2.432e+00 5.154e+00 6.035e+00
8.000e+00 5.156e+00 5.429e+00 5.602e+00 4.429e+00 4.685e+00 4.747e+00 5.694e+00 5.195e+00 4.602e+00 5.627e+00 4.558e+00 4.016e+00 4.441e+00 4.879e+00 4.897e+00 4.466e+00 4.346e+00 4.591e+00 4.616e+00 4.535e+00 4.566e+00
1.200e+01 5.602e+00 6.000e+01 4.473e+00 5.229e+00 7.889e+00 7.554e+00 7.325e+00 8.023e+00 6.863e+00 4.291e+00 4.225e+00 6.324e+00 6.490e+00 5.851e+00 3.719e+00 2.854e+00 4.016e+00 3.898e+00 3.933e+00 4.331e+00 5.380e+02
3.000e+00 4.724e+00 3.763e+00 4.161e+00 4.295e+00 4.681e+00 7.682e+00 7.952e+00 8.934e+00 9.101e+00 9.243e+00 9.155e+00 9.073e+00 8.778e+00 9.038e+00 8.574e+00 8.472e+00 8.088e+00 5.908e+00 5.585e+00 5.545e+00 4.946e+00
1.200e+01 3.799e+00 4.791e+00 6.284e+00 6.113e+00 6.522e+00 6.761e+00 5.312e+00 6.275e+00 5.452e+00 5.309e+00 5.864e+00 5.685e+00 4.919e+00 5.406e+00 5.127e+00 4.814e+00 4.781e+00 4.213e+00 4.251e+00 3.932e+00 4.328e+00
1.200e+01 1.611e+00 1.552e+00 1.735e+00 2.118e+00 1.731e+00 2.096e+00 2.311e+00 2.527e+00 2.864e+00 2.758e+00 3.027e+00 2.927e+00 3.032e+00 2.699e+00 2.993e+00 2.489e+00 2.344e+00 2.088e+00 1.974e+00 2.008e+00 1.804e+00
1.200e+01 3.351e+00 1.105e+00 3.171e+00 3.879e+00 4.354e+00 4.545e+00 4.564e+00 5.694e+00 6.886e+00 7.125e+00 6.748e+00 7.329e+00 7.028e+00 4.670e+00 3.746e+00 3.396e+00 2.822e+00 2.476e+00 2.400e+00 2.687e+00 2.974e+00
8.000e+00 6.599e+00 7.058e+00 7.064e+00 6.731e+00 6.520e+00 6.997e+00 5.517e+00 4.474e+00 4.093e+00 3.749e+00 3.256e+00 3.112e+00 3.501e+00 3.166e+00 3.512e+00 3.305e+00 4.460e+00 5.105e+00 6.055e+00 6.689e+00 6.375e+00
1.200e+01 4.758e+00 5.515e+00 4.489e+00 6.156e+00 6.549e+00 6.729e+00 6.580e+00 6.058e+00 6.336e+00 6.605e+00 6.243e+00 7.964e+00 6.139e+00 6.747e+00 5.159e+00 5.238e+00 4.940e+00 5.137e+00 5.580e+00 5.714e+00 6.287e+00
1.200e+01 3.864e+00 4.230e+00 4.362e+00 6.591e+00 5.995e+00 6.728e+00 6.028e+00 4.812e+00 4.964e+00 5.402e+00 6.284e+00 5.821e+00 6.007e+00 5.573e+00 6.207e+00 4.904e+00 5.112e+00 5.263e+00 5.514e+00 5.859e+00 3.818e+00
1.200e+01 5.356e+00 5.529e+00 5.560e+00 5.838e+00 6.801e+00 7.263e+00 7.299e+00 7.016e+00 6.080e+00 5.048e+00 4.855e+00 4.408e+00 3.827e+00 4.572e+00 4.839e+00 6.077e+00 6.772e+00 6.500e+00 6.394e+00 6.544e+00 5.955e+00
1.200e+01 2.373e+00 2.863e+00 3.180e+02 3.064e+00 4.087e+00 5.177e+00 6.405e+00 8.384e+00 7.723e+00 7.399e+00 7.489e+00 7.684e+00 7.260e+00 5.968e+00 5.636e+00 5.787e+00 5.386e+00 4.570e+00 4.237e+00 3.232e+00 -2.300e+02
1.200e+01 3.948e+00 3.745e+00 4.113e+00 3.821e+00 3.966e+00 4.149e+00 3.350e+00 2.979e+00 3.552e+00 2.387e+00 2.478e+00 2.736e+00 2.633e+00 2.878e+00 2.975e+00 2.687e+00 2.544e+00 3.237e+00 3.497e+00 4.315e+00 3.791e+00
6.000e+00 2.726e+00 2.890e+00 2.567e+00 3.366e+00 3.348e+00 4.188e+00 4.354e+00 4.164e+00 4.053e+00 3.547e+00 3.315e+00 2.708e+00 2.976e+00 2.806e+00 2.737e+00 2.792e+00 2.550e+00 2.326e+00 3.121e+00 2.814e+00 2.895e+00
8.000e+00 6.182e+00 6.316e+00 5.915e+00 6.035e+00 5.981e+00 5.750e+00 5.390e+00 6.056e+00 5.632e+00 4.356e+00 4.519e+00 4.517e+00 5.160e+00 5.125e+00 4.927e+00 4.511e+00 4.816e+00 5.620e+00 5.648e+00 6.566e+00 5.856e+00
1.200e+01 5.750e+00 6.481e+00 7.380e+00 7.669e+00 7.760e+00 7.734e+00 6.051e+00 5.069e+00 3.906e+00 4.167e+00 3.447e+00 5.455e+00 6.192e+00 5.882e+00 5.137e+00 5.156e+00 5.939e+00 5.855e+00 5.729e+00 7.076e+00 6.838e+00
1.200e+01 -2.560e+02 1.204e+00 2.100e+00 4.148e+00 4.094e+00 5.717e+00 6.322e+00 6.962e+00 7.346e+00 7.114e+00 6.261e+00 6.030e+00 5.724e+00 5.465e+00 4.958e+00 5.809e+00 5.082e+00 4.262e+00 4.168e+00 8.880e+02 1.810e+02
1.000e+01 1.120e+02 2.280e+02 -1.200e+01 7.600e+01 2.300e+02 3.244e+00 6.227e+00 6.681e+00 7.699e+00 8.286e+00 7.222e+00 6.830e+00 6.718e+00 6.736e+00 6.098e+00 6.869e+00 5.212e+00 5.039e+00 5.435e+00 3.840e+02 1.140e+02
1.200e+01 4.949e+00 6.214e+00 6.628e+00 6.716e+00 7.671e+00 7.558e+00 6.949e+00 5.807e+00 3.183e+00 4.836e+00 3.535e+00 6.399e+00 5.773e+00 4.307e+00 4.391e+00 4.683e+00 5.620e+00 5.151e+00 6.461e+00 5.854e+00 6.072e+00
1.200e+01 3.704e+00 4.653e+00 4.446e+00 6.425e+00 6.960e+00 7.301e+00 6.806e+00 6.541e+00 4.959e+00 5.398e+00 4.603e+00 4.744e+00 4.353e+00 4.174e+00 3.890e+00 3.950e+00 3.504e+00 4.163e+00 3.097e+00 4.304e+00 3.988e+00
1.200e+01 5.657e+00 5.462e+00 5.727e+00 5.757e+00 6.216e+00 5.948e+00 6.552e+00 5.764e+00 5.777e+00 5.576e+00 4.967e+00 5.986e+00 5.367e+00 4.702e+00 4.867e+00 5.565e+00 5.888e+00 6.377e+00 6.134e+00 5.725e+00 6.047e+00
1.200e+01 5.144e+00 5.262e+00 6.413e+00 6.980e+00 7.055e+00 8.207e+00 7.606e+00 7.649e+00 3.568e+00 3.099e+00 2.465e+00 2.425e+00 2.759e+00 2.128e+00 2.309e+00 2.377e+00 2.557e+00 2.902e+00 3.464e+00 4.051e+00 5.191e+00
1.200e+01 3.954e+00 3.598e+00 4.728e+00 4.087e+00 4.267e+00 5.444e+00 6.233e+00 5.021e+00 4.438e+00 4.553e+00 4.568e+00 4.300e+00 4.607e+00 4.188e+00 4.576e+00 4.102e+00 4.279e+00 4.422e+00 4.505e+00 4.363e+00 4.608e+00
8.000e+00 6.980e+02 4.777e+00 3.539e+00 3.993e+00 4.662e+00 4.036e+00 4.617e+00 5.047e+00 5.959e+00 4.846e+00 4.948e+00 4.262e+00 4.810e+00 4.526e+00 4.700e+00 4.300e+00 3.747e+00 4.690e+00 3.968e+00 4.393e+00 4.274e+00
1.200e+01 2.491e+00 3.228e+00 2.399e+00 2.620e+00 4.094e+00 3.518e+00 3.926e+00 3.143e+00 3.782e+00 5.248e+00 5.157e+00 6.031e+00 6.882e+00 6.032e+00 5.176e+00 5.080e+00 4.398e+00 2.939e+00 2.439e+00 3.075e+00 2.263e+00
1.200e+01 2.582e+00 2.457e+00 2.853e+00 2.674e+00 2.717e+00 2.771e+00 3.677e+00 3.948e+00 6.889e+00 7.453e+00 7.654e+00 8.152e+00 8.074e+00 6.323e+00 3.909e+00 3.476e+00 3.691e+00 4.404e+00 4.953e+00 5.287e+00 5.283e+00
1.200e+01 4.336e+00 4.948e+00 5.709e+00 6.761e+00 7.097e+00 5.918e+00 6.813e+00 5.479e+00 5.701e+00 4.529e+00 2.426e+00 5.298e+00 4.200e+00 4.716e+00 5.053e+00 4.729e+00 3.830e+00 4.843e+00 4.725e+00 6.017e+00 5.505e+00
1.200e+01 3.515e+00 3.675e+00 5.244e+00 5.286e+00 4.888e+00 4.766e+00 5.400e+00 5.554e+00 6.470e+00 6.129e+00 6.934e+00 6.732e+00 6.183e+00 3.964e+00 3.786e+00 3.688e+00 3.380e+00 2.810e+00 4.434e+00 4.801e+00 4.030e+00
1.200e+01 4.983e+00 4.842e+00 5.344e+00 6.581e+00 7.679e+00 7.716e+00 7.676e+00 7.987e+00 7.493e+00 6.183e+00 5.696e+00 5.921e+00 4.626e+00 4.115e+00 3.839e+00 3.921e+00 5.001e+00 4.641e+00 3.931e+00 4.379e+00 5.117e+00
8.000e+00 6.690e+00 6.748e+00 5.715e+00 6.297e+00 6.714e+00 7.037e+00 7.363e+00 7.108e+00 6.606e+00 6.414e+00 6.108e+00 6.151e+00 6.983e+00 5.196e+00 5.297e+00 6.266e+00 6.448e+00 7.102e+00 6.832e+00 6.164e+00 6.643e+00
1.200e+01 7.051e+00 7.228e+00 7.312e+00 7.433e+00 7.854e+00 7.430e+00 6.307e+00 5.390e+00 4.279e+00 4.003e+00 3.847e+00 3.647e+00 3.276e+00 4.011e+00 3.690e+00 3.884e+00 4.417e+00 5.612e+00 6.774e+00 7.164e+00 7.153e+00
1.200e+01 4.879e+00 2.460e+02 5.016e+00 5.868e+00 6.987e+00 6.593e+00 7.919e+00 6.328e+00 6.606e+00 5.785e+00 5.288e+00 4.635e+00 5.007e+00 4.539e+00 4.863e+00 4.418e+00 4.912e+00 4.693e+00 3.947e+00 5.362e+00 1.191e+00
1.200e+01 1.230e+02 2.600e+02 3.734e+00 4.794e+00 5.353e+00 7.245e+00 8.158e+00 7.816e+00 7.206e+00 6.987e+00 6.687e+00 6.525e+00 5.544e+00 4.983e+00 5.028e+00 5.476e+00 5.243e+00 5.124e+00 4.440e+00 4.465e+00 3.921e+00
1.000e+00 7.092e+00 7.027e+00 7.106e+00 6.757e+00 6.506e+00 6.866e+00 7.187e+00 6.624e+00 6.737e+00 6.257e+00 6.348e+00 6.159e+00 6.031e+00 6.428e+00 6.193e+00 6.591e+00 7.273e+00 7.214e+00 8.400e+00 8.126e+00 7.645e+00
1.200e+01 3.584e+00 1.330e+02 3.522e+00 5.023e+00 7.181e+00 7.154e+00 8.071e+00 6.698e+00 6.215e+00 6.436e+00 5.566e+00 5.163e+00 4.965e+00 3.431e+00 3.773e+00 3.375e+00 4.601e+00 4.278e+00 3.765e+00 4.338e+00 5.176e+00
1.200e+01 2.804e+00 3.124e+00 4.787e+00 5.320e+00 6.669e+00 6.988e+00 6.529e+00 5.264e+00 3.325e+00 2.352e+00 2.264e+00 1.941e+00 1.951e+00 1.729e+00 1.787e+00 1.776e+00 1.832e+00 2.229e+00 3.033e+00 3.365e+00 3.593e+00
1.200e+01 3.680e+00 3.746e+00 4.015e+00 3.997e+00 3.862e+00 2.219e+00 3.412e+00 3.219e+00 7.769e+00 7.364e+00 7.784e+00 7.868e+00 7.357e+00 6.670e+00 6.096e+00 4.824e+00 4.466e+00 5.367e+00 5.607e+00 5.388e+00 5.630e+00
8.000e+00 5.146e+00 4.204e+00 5.071e+00 4.786e+00 4.766e+00 6.422e+00 5.821e+00 6.380e+00 6.512e+00 6.150e+00 5.747e+00 4.899e+00 5.361e+00 6.061e+00 5.755e+00 5.848e+00 4.724e+00 5.793e+00 5.800e+00 5.501e+00 6.004e+00
1.200e+01 4.353e+00 1.329e+00 4.143e+00 4.269e+00 6.655e+00 6.175e+00 7.221e+00 7.276e+00 6.992e+00 6.543e+00 6.686e+00 5.671e+00 5.683e+00 5.273e+00 5.208e+00 5.374e+00 5.938e+00 5.048e+00 4.039e+00 3.958e+00 4.032e+00
1.200e+01 3.691e+00 4.313e+00 4.471e+00 6.316e+00 6.060e+00 6.239e+00 5.325e+00 4.116e+00 3.652e+00 3.469e+00 3.539e+00 3.364e+00 3.237e+00 2.971e+00 3.129e+00 2.853e+00 2.402e+00 2.692e+00 3.098e+00 3.594e+00 3.009e+00
8.000e+00 5.836e+00 6.011e+00 6.662e+00 6.101e+00 6.148e+00 5.931e+00 6.036e+00 4.953e+00 4.637e+00 4.033e+00 3.956e+00 4.131e+00 4.000e+00 4.394e+00 4.174e+00 4.311e+00 3.474e+00 5.483e+00 6.112e+00 7.552e+00 6.520e+00
1.200e+01 2.132e+00 2.549e+00 2.647e+00 3.863e+00 4.464e+00 5.381e+00 5.483e+00 4.441e+00 2.549e+00 2.707e+00 2.574e+00 2.415e+00 2.366e+00 2.100e+00 1.998e+00 2.020e+00 1.864e+00 2.194e+00 2.471e+00 2.935e+00 2.891e+00
1.200e+01 4.437e+00 1.758e+00 4.276e+00 5.303e+00 5.886e+00 6.890e+00 5.597e+00 6.337e+00 5.909e+00 5.342e+00 5.637e+00 4.385e+00 4.366e+00 4.239e+00 3.479e+00 3.727e+00 3.394e+00 2.322e+00 2.724e+00 3.302e+00 4.435e+00
1.200e+01 4.179e+00 3.452e+00 4.353e+00 4.149e+00 5.435e+00 5.360e+00 4.652e+00 5.968e+00 7.515e+00 6.807e+00 7.027e+00 7.254e+00 5.138e+00 4.991e+00 3.475e+00 3.973e+00 3.208e+00 4.395e+00 5.769e+00 5.561e+00 4.300e+00
1.200e+01 4.626e+00 4.214e+00 4.698e+00 4.268e+00 6.005e+00 6.030e+00 6.919e+00 6.322e+00 4.646e+00 5.088e+00 4.781e+00 5.431e+00 5.394e+00 4.709e+00 4.404e+00 3.876e+00 4.618e+00 4.474e+00 3.675e+00 3.686e+00 2.110e+02
1.200e+01 4.716e+00 5.301e+00 5.615e+00 5.589e+00 6.931e+00 6.305e+00 6.673e+00 5.283e+00 5.182e+00 5.363e+00 4.501e+00 5.315e+00 5.091e+00 4.971e+00 4.560e+00 4.877e+00 4.476e+00 4.686e+00 4.281e+00 4.972e+00 5.240e+00
1.200e+01 6.408e+00 6.821e+00 6.669e+00 6.393e+00 6.634e+00 5.546e+00 4.588e+00 4.037e+00 3.904e+00 3.406e+00 3.159e+00 3.422e+00 3.185e+00 3.541e+00 3.090e+00 3.352e+00 3.263e+00 4.693e+00 4.965e+00 5.975e+00 6.082e+00
8.000e+00 6.910e+00 6.815e+00 6.862e+00 6.893e+00 7.099e+00 7.768e+00 7.711e+00 6.991e+00 6.443e+00 6.084e+00 6.000e+00 6.178e+00 6.303e+00 6.375e+00 6.242e+00 6.660e+00 6.764e+00 5.888e+00 7.228e+00 6.767e+00 6.418e+00
8.000e+00 6.917e+00 7.566e+00 6.986e+00 6.307e+00 6.177e+00 6.883e+00 6.721e+00 7.267e+00 6.649e+00 6.055e+00 6.034e+00 6.222e+00 6.599e+00 6.270e+00 6.962e+00 6.851e+00 6.630e+00 7.484e+00 7.213e+00 7.033e+00 7.694e+00
1.200e+01 4.368e+00 3.957e+00 4.345e+00 4.909e+00 5.976e+00 7.120e+00 7.889e+00 6.598e+00 5.755e+00 5.523e+00 4.532e+00 5.721e+00 4.938e+00 4.297e+00 3.269e+00 3.820e+00 3.935e+00 3.415e+00 2.879e+00 3.377e+00 5.525e+00
1.000e+01 7.200e+01 1.300e+02 -3.600e+01 -2.870e+02 6.010e+02 3.880e+02 2.459e+00 2.347e+00 1.709e+00 4.121e+00 1.303e+00 5.066e+00 3.735e+00 3.647e+00 3.581e+00 4.797e+00 2.840e+00 2.890e+02 1.910e+00 3.660e+02 5.900e+02
1.200e+01 3.579e+00 2.863e+00 2.283e+00 2.902e+00 4.695e+00 4.677e+00 5.029e+00 6.813e+00 7.260e+00 6.977e+00 7.267e+00 6.946e+00 5.984e+00 3.973e+00 4.515e+00 3.374e+00 2.826e+00 2.391e+00 2.527e+00 3.795e+00 3.629e+00
1.200e+01 4.213e+00 7.430e+02 4.301e+00 5.362e+00 7.141e+00 7.291e+00 8.101e+00 7.624e+00 6.496e+00 5.534e+00 4.449e+00 4.218e+00 4.304e+00 3.990e+00 3.333e+00 2.808e+00 3.108e+00 3.702e+00 3.530e+00 3.864e+00 4.050e+02
1.200e+01 4.483e+00 4.701e+00 4.267e+00 5.443e+00 5.118e+00 6.287e+00 6.528e+00 5.440e+00 4.992e+00 5.135e+00 3.806e+00 4.911e+00 4.081e+00 4.710e+00 3.307e+00 4.193e+00 3.957e+00 4.588e+00 4.949e+00 4.802e+00 5.706e+00
1.200e+01 3.531e+00 -4.600e+01 4.080e+00 4.686e+00 6.746e+00 6.801e+00 6.456e+00 6.415e+00 6.317e+00 5.087e+00 5.273e+00 6.859e+00 6.356e+00 5.827e+00 4.794e+00 4.467e+00 4.061e+00 3.303e+00 3.073e+00 3.458e+00 4.757e+00
1.200e+01 3.236e+00 4.500e+01 2.939e+00 5.400e+00 5.604e+00 6.099e+00 6.631e+00 7.228e+00 6.608e+00 5.433e+00 3.992e+00 4.741e+00 2.978e+00 3.067e+00 2.810e+00 2.707e+00 2.619e+00 2.276e+00 3.229e+00 2.619e+00 2.883e+00
8.000e+00 5.531e+00 6.740e+00 5.935e+00 5.505e+00 5.735e+00 5.813e+00 6.523e+00 6.174e+00 5.651e+00 5.655e+00 5.632e+00 6.239e+00 5.750e+00 5.655e+00 5.983e+00 6.075e+00 5.455e+00 6.767e+00 6.796e+00 6.826e+00 6.251e+00
1.000e+00 7.266e+00 8.311e+00 7.879e+00 6.958e+00 6.413e+00 7.048e+00 7.974e+00 8.528e+00 7.444e+00 7.597e+00 6.794e+00 7.105e+00 6.744e+00 6.989e+00 7.558e+00 8.555e+00 7.245e+00 7.476e+00 7.375e+00 6.504e+00 7.662e+00
1.200e+01 4.363e+00 4.860e+02 4.151e+00 4.933e+00 6.442e+00 5.392e+00 7.515e+00 7.172e+00 6.938e+00 6.860e+00 5.396e+00 6.084e+00 5.350e+00 4.465e+00 3.629e+00 2.774e+00 3.454e+00 3.372e+00 3.687e+00 3.684e+00 4.448e+00
3.000e+00 2.594e+00 5.980e+02 3.581e+00 4.252e+00 5.072e+00 8.008e+00 7.572e+00 8.498e+00 8.565e+00 8.313e+00 7.344e+00 7.616e+00 7.752e+00 7.510e+00 7.146e+00 6.756e+00 6.425e+00 4.384e+00 3.907e+00 3.582e+00 3.824e+00
1.200e+01 4.456e+00 4.539e+00 4.870e+00 4.018e+00 4.082e+00 3.983e+00 4.238e+00 4.287e+00 3.902e+00 4.017e+00 4.150e+00 3.724e+00 4.330e+00 3.896e+00 4.416e+00 4.168e+00 5.068e+00 5.055e+00 5.164e+00 5.361e+00 5.255e+00
1.200e+01 3.976e+00 4.220e+00 5.768e+00 6.532e+00 6.168e+00 6.580e+00 5.378e+00 4.285e+00 2.948e+00 2.942e+00 2.715e+00 3.303e+00 2.926e+00 2.669e+00 2.898e+00 3.146e+00 3.752e+00 2.747e+00 3.601e+00 3.271e+00 4.670e+00
6.000e+00 2.443e+00 2.347e+00 3.258e+00 3.349e+00 5.580e+00 4.369e+00 4.605e+00 4.937e+00 3.674e+00 4.087e+00 3.500e+00 3.307e+00 3.151e+00 3.428e+00 3.591e+00 2.685e+00 2.724e+00 2.662e+00 2.990e+00 3.665e+00 3.605e+00
1.200e+01 3.104e+00 2.561e+00 3.633e+00 3.107e+00 4.124e+00 4.373e+00 3.446e+00 3.580e+00 5.851e+00 6.616e+00 6.957e+00 6.811e+00 6.885e+00 5.381e+00 5.192e+00 3.656e+00 3.004e+00 2.540e+00 2.679e+00 2.982e+00 2.811e+00
1.200e+01 1.657e+00 1.574e+00 1.582e+00 2.329e+00 2.620e+00 2.676e+00 3.706e+00 4.805e+00 4.390e+00 5.989e+00 5.768e+00 6.814e+00 5.931e+00 4.004e+00 3.288e+00 3.120e+00 2.452e+00 2.449e+00 2.530e+00 3.723e+00 -1.500e+01
1.200e+01 2.237e+00 2.456e+00 2.378e+00 2.554e+00 2.860e+00 3.338e+00 3.093e+00 2.732e+00 2.783e+00 2.917e+00 2.813e+00 2.855e+00 2.673e+00 2.761e+00 2.571e+00 2.415e+00 2.874e+00 2.427e+00 2.186e+00 2.197e+00 2.184e+00
1.200e+01 2.803e+00 3.213e+00 4.351e+00 5.137e+00 5.955e+00 7.058e+00 7.049e+00 6.282e+00 4.341e+00 3.179e+00 2.767e+00 2.273e+00 2.179e+00 2.147e+00 2.095e+00 1.994e+00 1.999e+00 2.453e+00 2.284e+00 2.876e+00 2.304e+00
8.000e+00 5.547e+00 5.126e+00 4.663e+00 5.834e+00 5.012e+00 5.794e+00 5.307e+00 6.861e+00 6.481e+00 5.271e+00 5.712e+00 4.727e+00 5.000e+00 6.142e+00 5.057e+00 5.989e+00 4.926e+00 4.653e+00 5.570e+00 5.442e+00 5.971e+00
8.000e+00 6.307e+00 5.664e+00 5.516e+00 5.521e+00 5.456e+00 6.088e+00 6.189e+00 6.235e+00 5.971e+00 5.547e+00 5.514e+00 5.149e+00 4.917e+00 5.849e+00 5.519e+00 5.711e+00 5.036e+00 7.355e+00 6.764e+00 5.842e+00 6.591e+00
1.200e+01 3.264e+00 5.133e+00 2.787e+00 3.280e+00 5.425e+00 4.313e+00 5.934e+00 5.166e+00 5.546e+00 6.112e+00 6.208e+00 6.806e+00 7.866e+00 6.403e+00 5.256e+00 5.294e+00 5.456e+00 3.336e+00 3.615e+00 3.688e+00 2.030e+02
1.200e+01 5.852e+00 1.721e+00 4.664e+00 6.380e+00 7.273e+00 8.173e+00 7.565e+00 5.682e+00 4.759e+00 4.879e+00 3.913e+00 4.156e+00 3.943e+00 2.847e+00 2.528e+00 2.992e+00 2.549e+00 3.000e+00 2.137e+00 3.339e+00 3.527e+00
1.200e+01 5.162e+00 5.327e+00 4.744e+00 4.638e+00 4.084e+00 4.035e+00 4.061e+00 4.889e+00 5.219e+00 5.436e+00 4.986e+00 5.035e+00 5.378e+00 4.914e+00 5.244e+00 5.826e+00 5.763e+00 5.692e+00 5.542e+00 4.939e+00 5.500e+00
8.000e+00 6.547e+00 6.565e+00 6.979e+00 6.742e+00 6.331e+00 6.305e+00 5.088e+00 3.917e+00 3.699e+00 3.246e+00 3.227e+00 3.035e+00 2.984e+00 3.188e+00 3.118e+00 3.701e+00 3.384e+00 4.306e+00 5.914e+00 6.405e+00 6.568e+00
1.200e+01 4.059e+00 3.100e+01 3.034e+00 3.791e+00 5.744e+00 5.357e+00 6.255e+00 5.555e+00 6.876e+00 7.117e+00 6.472e+00 6.577e+00 6.721e+00 6.356e+00 4.247e+00 3.093e+00 3.579e+00 3.367e+00 3.236e+00 2.730e+00 1.900e+01
1.200e+01 4.095e+00 3.924e+00 3.775e+00 3.593e+00 6.239e+00 6.917e+00 7.157e+00 7.038e+00 6.631e+00 5.333e+00 5.625e+00 5.211e+00 5.553e+00 4.935e+00 4.399e+00 4.403e+00 4.246e+00 3.248e+00 3.204e+00 3.576e+00 3.067e+00
1.200e+01 5.245e+00 5.541e+00 5.104e+00 6.126e+00 6.062e+00 6.350e+00 5.354e+00 5.313e+00 5.641e+00 5.647e+00 5.857e+00 5.287e+00 5.227e+00 5.508e+00 4.481e+00 4.453e+00 4.392e+00 4.243e+00 4.970e+00 5.079e+00 5.288e+00
1.200e+01 4.098e+00 4.137e+00 5.264e+00 5.398e+00 7.278e+00 7.594e+00 7.059e+00 6.695e+00 7.273e+00 6.541e+00 7.146e+00 6.880e+00 6.876e+00 6.700e+00 6.454e+00 6.415e+00 6.374e+00 6.335e+00 5.728e+00 5.505e+00 5.265e+00
1.000e+01 9.500e+02 7.210e+02 1.630e+00 1.642e+00 2.041e+00 2.951e+00 2.312e+00 3.906e+00 4.601e+00 4.464e+00 3.858e+00 2.716e+00 3.058e+00 4.265e+00 4.648e+00 3.490e+00 2.436e+00 9.710e+02 3.166e+00 5.360e+02 6.400e+01
1.200e+01 2.987e+00 5.945e+00 3.669e+00 3.618e+00 4.957e+00 5.136e+00 5.299e+00 3.746e+00 3.262e+00 4.486e+00 3.367e+00 4.482e+00 4.158e+00 3.707e+00 3.595e+00 5.051e+00 2.555e+00 4.409e+00 4.264e+00 4.877e+00 4.501e+00
1.200e+01 3.708e+00 -4.500e+01 3.109e+00 4.471e+00 5.323e+00 5.074e+00 5.197e+00 5.795e+00 6.037e+00 6.508e+00 6.443e+00 7.359e+00 6.730e+00 4.887e+00 3.700e+00 3.647e+00 2.927e+00 2.540e+00 3.281e+00 3.224e+00 3.815e+00
1.200e+01 3.834e+00 3.952e+00 3.751e+00 3.951e+00 4.199e+00 4.318e+00 5.070e+00 4.435e+00 4.956e+00 4.826e+00 5.056e+00 4.909e+00 4.791e+00 5.407e+00 4.662e+00 4.200e+00 4.612e+00 4.531e+00 4.029e+00 3.840e+00 3.722e+00
1.200e+01 3.312e+00 4.769e+00 5.399e+00 5.789e+00 6.678e+00 6.281e+00 5.538e+00 4.780e+00 5.032e+00 5.296e+00 6.170e+00 6.824e+00 5.981e+00 5.720e+00 5.582e+00 5.815e+00 6.272e+00 6.511e+00 5.478e+00 6.367e+00 6.369e+00
1.200e+01 4.718e+00 6.700e+01 4.125e+00 5.346e+00 6.997e+00 7.956e+00 7.026e+00 6.895e+00 5.911e+00 4.566e+00 5.467e+00 6.032e+00 4.759e+00 3.524e+00 3.094e+00 2.996e+00 2.798e+00 2.398e+00 2.106e+00 2.652e+00 2.350e+00
1.200e+01 -1.060e+02 8.210e+02 2.663e+00 2.876e+00 3.441e+00 3.878e+00 5.424e+00 6.028e+00 6.277e+00 6.877e+00 6.439e+00 6.014e+00 5.971e+00 5.050e+00 4.845e+00 4.309e+00 4.203e+00 3.243e+00 2.995e+00 4.281e+00 3.752e+00
1.200e+01 6.441e+00 7.747e+00 7.743e+00 7.915e+00 8.362e+00 8.216e+00 6.283e+00 6.101e+00 5.902e+00 5.409e+00 6.656e+00 6.535e+00 6.010e+00 5.807e+00 5.926e+00 5.108e+00 5.429e+00 6.172e+00 6.522e+00 7.276e+00 7.288e+00
1.200e+01 3.104e+00 4.865e+00 4.062e+00 7.565e+00 6.569e+00 6.127e+00 7.421e+00 5.613e+00 6.746e+00 5.581e+00 5.548e+00 5.150e+00 3.455e+00 3.502e+00 2.415e+00 2.470e+00 3.070e+00 3.160e+00 3.706e+00 3.621e+00 3.898e+00
3.000e+00 4.923e+00 5.103e+00 4.894e+00 5.121e+00 8.440e+00 9.300e+00 9.067e+00 9.290e+00 9.462e+00 8.920e+00 8.757e+00 8.776e+00 8.565e+00 8.368e+00 8.729e+00 8.367e+00 9.077e+00 6.753e+00 5.679e+00 6.661e+00 5.323e+00
1.200e+01 4.365e+00 5.700e+01 3.862e+00 5.562e+00 5.611e+00 6.335e+00 6.684e+00 6.918e+00 6.101e+00 6.413e+00 6.995e+00 7.216e+00 6.232e+00 5.645e+00 4.952e+00 4.966e+00 4.916e+00 4.768e+00 4.748e+00 4.485e+00 3.511e+00
1.200e+01 5.813e+00 6.096e+00 6.848e+00 7.736e+00 8.414e+00 7.534e+00 6.967e+00 5.304e+00 5.495e+00 5.498e+00 5.190e+00 6.606e+00 6.677e+00 4.977e+00 5.129e+00 4.466e+00 3.965e+00 6.153e+00 7.165e+00 6.966e+00 6.659e+00
1.200e+01 4.021e+00 4.117e+00 5.344e+00 6.180e+00 7.111e+00 7.731e+00 6.268e+00 6.803e+00 4.131e+00 4.590e+00 4.301e+00 4.810e+00 4.903e+00 4.410e+00 4.731e+00 5.540e+00 4.420e+00 3.644e+00 5.850e+00 5.927e+00 4.607e+00
1.200e+01 1.065e+00 3.812e+00 3.333e+00 3.952e+00 5.461e+00 6.731e+00 8.376e+00 7.551e+00 8.427e+00 7.312e+00 7.455e+00 6.577e+00 7.079e+00 7.008e+00 6.228e+00 6.633e+00 6.246e+00 4.739e+00 4.354e+00 3.624e+00 2.809e+00
1.200e+01 5.041e+00 5.073e+00 5.634e+00 5.561e+00 5.134e+00 5.085e+00 4.064e+00 2.682e+00 2.917e+00 2.514e+00 2.445e+00 2.400e+00 2.278e+00 2.201e+00 2.255e+00 2.071e+00 2.443e+00 2.345e+00 3.700e+00 3.793e+00 4.106e+00
8.000e+00 5.027e+00 5.342e+00 4.019e+00 4.906e+00 4.817e+00 3.782e+00 4.493e+00 5.303e+00 4.793e+00 5.508e+00 4.196e+00 4.113e+00 4.225e+00 3.837e+00 2.828e+00 4.662e+00 4.908e+00 4.935e+00 4.742e+00 5.765e+00 4.952e+00
1.200e+01 5.280e+02 7.280e+02 3.550e+00 4.371e+00 4.645e+00 5.728e+00 6.075e+00 5.372e+00 5.636e+00 7.263e+00 6.408e+00 7.485e+00 6.912e+00 6.996e+00 6.297e+00 6.224e+00 5.475e+00 3.772e+00 3.529e+00 3.566e+00 3.159e+00
1.200e+01 4.550e+00 3.760e+02 4.625e+00 5.173e+00 7.194e+00 7.625e+00 7.634e+00 7.297e+00 7.027e+00 6.133e+00 5.208e+00 4.047e+00 4.112e+00 4.073e+00 3.518e+00 3.362e+00 3.667e+00 3.306e+00 3.417e+00 4.073e+00 5.664e+00
1.200e+01 2.089e+00 2.239e+00 2.673e+00 3.085e+00 3.937e+00 4.198e+00 3.704e+00 2.218e+00 2.153e+00 2.194e+00 2.099e+00 1.893e+00 1.843e+00 1.906e+00 1.920e+00 1.848e+00 1.844e+00 2.609e+00 2.750e+00 4.167e+00 3.951e+00
1.200e+01 4.413e+00 3.090e+02 4.374e+00 4.755e+00 5.636e+00 6.825e+00 6.730e+00 6.888e+00 6.429e+00 6.654e+00 5.816e+00 6.233e+00 6.195e+00 5.166e+00 5.314e+00 5.193e+00 5.541e+00 5.404e+00 4.318e+00 4.890e+00 -8.000e+00
8.000e+00 5.131e+00 4.408e+00 5.018e+00 5.287e+00 6.075e+00 5.439e+00 5.215e+00 4.970e+00 5.797e+00 5.258e+00 4.851e+00 4.946e+00 4.309e+00 5.139e+00 5.513e+00 4.925e+00 4.243e+00 5.378e+00 5.658e+00 5.476e+00 5.280e+00
1.200e+01 1.417e+00 1.920e+00 2.209e+00 1.570e+00 2.192e+00 2.597e+00 4.249e+00 3.416e+00 2.605e+00 3.436e+00 2.680e+00 1.586e+00 2.354e+00 2.545e+00 2.592e+00 2.114e+00 1.707e+00 2.372e+00 3.150e+00 2.589e+00 2.142e+00
1.200e+01 3.807e+00 4.783e+00 4.210e+00 3.328e+00 3.597e+00 4.293e+00 3.368e+00 2.966e+00 2.683e+00 2.788e+00 2.683e+00 2.747e+00 2.725e+00 3.004e+00 3.563e+00 3.208e+00 3.317e+00 3.995e+00 4.160e+00 4.749e+00 4.805e+00
3.000e+00 1.867e+00 2.317e+00 1.638e+00 3.849e+00 4.608e+00 6.197e+00 7.727e+00 8.739e+00 8.667e+00 8.782e+00 8.331e+00 8.745e+00 8.697e+00 7.912e+00 7.849e+00 7.421e+00 7.751e+00 5.593e+00 4.619e+00 4.719e+00 2.232e+00
8.000e+00 7.231e+00 7.299e+00 7.099e+00 7.026e+00 6.843e+00 6.855e+00 6.242e+00 5.663e+00 5.770e+00 5.703e+00 6.024e+00 5.640e+00 5.118e+00 5.467e+00 4.898e+00 5.216e+00 5.911e+00 6.469e+00 6.283e+00 6.647e+00 6.196e+00
1.200e+01 2.778e+00 2.565e+00 2.891e+00 2.544e+00 2.501e+00 3.578e+00 3.333e+00 3.389e+00 4.028e+00 3.627e+00 3.746e+00 4.199e+00 3.830e+00 3.611e+00 3.979e+00 3.912e+00 3.481e+00 3.657e+00 3.029e+00 2.520e+00 3.358e+00
1.200e+01 9.500e+02 1.909e+00 2.437e+00 2.762e+00 3.856e+00 4.335e+00 5.470e+00 5.238e+00 5.741e+00 6.085e+00 5.980e+00 5.912e+00 5.705e+00 4.876e+00 4.001e+00 3.628e+00 3.399e+00 3.008e+00 3.223e+00 3.150e+00 3.070e+00
1.200e+01 5.050e+00 4.888e+00 4.650e+00 5.177e+00 6.212e+00 6.642e+00 7.254e+00 7.435e+00 7.216e+00 7.328e+00 7.447e+00 6.840e+00 6.117e+00 6.375e+00 6.614e+00 6.263e+00 5.438e+00 3.548e+00 4.943e+00 6.269e+00 5.032e+00
1.200e+01 2.556e+00 2.746e+00 2.739e+00 2.706e+00 3.940e+00 5.070e+00 4.766e+00 4.488e+00 3.865e+00 3.833e+00 3.402e+00 3.452e+00 3.472e+00 3.387e+00 3.424e+00 3.449e+00 2.906e+00 3.735e+00 3.043e+00 3.936e+00 3.096e+00
1.200e+01 2.439e+00 2.461e+00 2.776e+00 2.899e+00 4.968e+00 4.414e+00 5.219e+00 4.947e+00 4.226e+00 5.709e+00 5.219e+00 5.460e+00 5.645e+00 5.080e+00 4.138e+00 5.151e+00 4.905e+00 4.823e+00 3.387e+00 2.408e+00 2.813e+00
1.200e+01 4.833e+00 3.610e+02 5.191e+00 5.596e+00 5.204e+00 5.750e+00 6.669e+00 6.554e+00 7.058e+00 6.038e+00 6.484e+00 6.760e+00 6.474e+00 6.437e+00 6.698e+00 6.569e+00 6.541e+00 6.259e+00 4.908e+00 4.325e+00 4.042e+00
6.000e+00 3.894e+00 3.732e+00 3.404e+00 3.279e+00 3.780e+00 5.000e+00 5.890e+00 5.237e+00 5.432e+00 4.646e+00 4.034e+00 3.713e+00 3.636e+00 3.677e+00 4.093e+00 3.667e+00 3.145e+00 3.845e+00 4.366e+00 4.464e+00 3.956e+00
1.200e+01 5.016e+00 2.020e+00 4.760e+00 4.551e+00 7.306e+00 7.348e+00 7.289e+00 6.894e+00 3.709e+00 4.778e+00 4.265e+00 4.101e+00 3.858e+00 3.485e+00 3.022e+00 3.051e+00 2.989e+00 2.563e+00 2.367e+00 2.685e+00 2.677e+00
3.000e+00 4.430e+00 2.592e+00 4.107e+00 4.713e+00 5.085e+00 8.694e+00 8.331e+00 9.299e+00 8.893e+00 8.967e+00 8.916e+00 8.700e+00 8.547e+00 8.658e+00 8.833e+00 8.487e+00 7.949e+00 5.196e+00 5.066e+00 5.275e+00 3.516e+00
1.200e+01 3.927e+00 3.360e+00 4.495e+00 4.977e+00 6.764e+00 6.973e+00 7.913e+00 7.287e+00 6.287e+00 5.661e+00 4.672e+00 4.247e+00 3.444e+00 3.707e+00 3.258e+00 3.050e+00 3.111e+00 3.646e+00 3.464e+00 3.820e+00 3.553e+00
8.000e+00 5.883e+00 5.887e+00 5.989e+00 6.134e+00 5.264e+00 5.876e+00 6.350e+00 5.938e+00 6.483e+00 5.608e+00 6.277e+00 5.632e+00 5.516e+00 5.743e+00 5.410e+00 5.532e+00 5.681e+00 6.417e+00 8.816e+00 6.526e+00 5.775e+00
8.000e+00 4.959e+00 5.475e+00 5.779e+00 4.764e+00 6.369e+00 5.785e+00 6.818e+00 6.596e+00 5.685e+00 7.062e+00 5.825e+00 6.337e+00 5.782e+00 6.525e+00 6.682e+00 5.817e+00 4.566e+00 6.077e+00 5.971e+00 5.581e+00 5.088e+00
8.000e+00 7.449e+00 7.396e+00 6.530e+00 6.608e+00 5.945e+00 6.199e+00 6.017e+00 6.637e+00 6.464e+00 5.911e+00 5.317e+00 5.520e+00 5.607e+00 5.870e+00 5.351e+00 6.492e+00 5.588e+00 6.225e+00 6.410e+00 6.633e+00 7.285e+00
1.200e+01 4.150e+00 4.352e+00 4.312e+00 5.010e+00 6.081e+00 6.835e+00 6.113e+00 7.182e+00 6.900e+00 6.114e+00 4.899e+00 4.756e+00 4.375e+00 4.016e+00 3.383e+00 4.438e+00 4.847e+00 4.794e+00 4.709e+00 4.501e+00 4.828e+00
3.000e+00 4.442e+00 8.520e+02 3.494e+00 4.641e+00 5.382e+00 7.644e+00 8.044e+00 8.750e+00 8.941e+00 8.720e+00 8.435e+00 8.254e+00 8.229e+00 7.753e+00 7.583e+00 8.169e+00 7.066e+00 5.813e+00 4.830e+00 5.020e+00 3.438e+00
1.200e+01 5.460e+00 5.948e+00 6.287e+00 6.317e+00 6.971e+00 7.266e+00 6.840e+00 7.094e+00 6.948e+00 6.650e+00 6.232e+00 6.153e+00 6.670e+00 5.827e+00 6.226e+00 6.237e+00 5.960e+00 6.262e+00 6.176e+00 5.889e+00 5.935e+00
1.200e+01 3.523e+00 1.560e+02 3.714e+00 3.777e+00 6.900e+00 6.380e+00 8.236e+00 7.962e+00 6.306e+00 5.022e+00 4.986e+00 3.647e+00 3.705e+00 3.159e+00 2.680e+00 3.039e+00 4.105e+00 5.300e+00 5.677e+00 5.868e+00 -2.510e+02
1.200e+01 3.949e+00 4.307e+00 4.469e+00 5.290e+00 6.144e+00 7.491e+00 6.595e+00 6.944e+00 7.703e+00 6.344e+00 6.317e+00 5.951e+00 5.498e+00 4.654e+00 4.627e+00 5.195e+00 4.647e+00 4.669e+00 4.874e+00 4.458e+00 4.289e+00
1.200e+01 6.598e+00 6.574e+00 6.984e+00 7.073e+00 7.421e+00 7.938e+00 7.088e+00 5.552e+00 6.128e+00 6.362e+00 6.599e+00 6.811e+00 6.977e+00 7.908e+00 7.573e+00 7.268e+00 6.961e+00 7.118e+00 7.151e+00 7.683e+00 7.050e+00
1.200e+01 -4.860e+02 3.940e+02 2.836e+00 3.178e+00 4.680e+00 5.304e+00 6.543e+00 6.813e+00 7.376e+00 6.453e+00 6.736e+00 6.088e+00 5.585e+00 3.509e+00 2.929e+00 2.535e+00 2.710e+00 2.389e+00 2.141e+00 3.997e+00 2.572e+00
3.000e+00 4.317e+00 1.288e+00 4.047e+00 4.265e+00 5.410e+00 7.353e+00 8.329e+00 8.480e+00 8.781e+00 8.964e+00 8.483e+00 8.635e+00 8.319e+00 8.498e+00 8.202e+00 7.467e+00 6.941e+00 5.491e+00 5.071e+00 5.160e+00 1.179e+00
1.200e+01 6.091e+00 6.349e+00 6.946e+00 8.148e+00 8.040e+00 8.208e+00 6.596e+00 5.904e+00 5.866e+00 5.348e+00 4.125e+00 6.485e+00 6.278e+00 6.512e+00 5.929e+00 5.693e+00 6.020e+00 5.937e+00 5.705e+00 7.145e+00 6.611e+00
1.200e+01 2.303e+00 2.297e+00 2.482e+00 2.735e+00 4.973e+00 5.422e+00 5.415e+00 4.678e+00 3.582e+00 3.442e+00 2.943e+00 3.067e+00 3.147e+00 2.903e+00 2.984e+00 3.437e+00 3.059e+00 2.756e+00 3.033e+00 3.524e+00 3.020e+00
1.200e+01 4.962e+00 2.244e+00 5.115e+00 5.273e+00 6.138e+00 6.636e+00 7.177e+00 6.095e+00 5.349e+00 4.461e+00 3.825e+00 3.868e+00 3.837e+00 3.243e+00 3.306e+00 3.807e+00 4.138e+00 3.956e+00 4.621e+00 4.574e+00 3.671e+00
