8.000e+00 5.640e-01 5.520e-01 5.480e-01 5.400e-01 5.240e-01 5.160e-01 5.080e-01 4.840e-01 4.440e-01 4.240e-01 4.040e-01 3.840e-01 3.760e-01 3.480e-01 3.520e-01 3.600e-01 3.720e-01 3.880e-01 4.840e-01 5.360e-01 5.640e-01 5.720e-01 5.640e-01 5.640e-01 5.760e-01 5.920e-01 6.080e-01 6.120e-01 6.080e-01 6.000e-01 5.960e-01 5.960e-01 5.960e-01 5.920e-01 6.000e-01 5.840e-01
8.000e+00 4.840e-01 5.000e-01 4.760e-01 4.640e-01 4.680e-01 4.600e-01 4.520e-01 4.240e-01 4.080e-01 3.960e-01 3.880e-01 3.680e-01 3.800e-01 4.080e-01 4.120e-01 4.240e-01 4.360e-01 4.520e-01 4.840e-01 4.880e-01 5.200e-01 3.840e-01 3.880e-01 3.760e-01 4.920e-01 5.080e-01 5.360e-01 5.440e-01 5.480e-01 5.520e-01 5.560e-01 5.520e-01 5.560e-01 5.560e-01 5.720e-01 5.560e-01
6.000e+00 7.600e-02 6.400e-02 5.600e-02 5.200e-02 5.200e-02 5.200e-02 5.200e-02 5.200e-02 6.400e-02 9.200e-02 1.120e-01 1.160e-01 1.200e-01 1.080e-01 9.600e-02 1.040e-01 1.760e-01 2.280e-01 2.560e-01 2.520e-01 2.800e-01 2.520e-01 2.320e-01 1.880e-01 1.880e-01 2.120e-01 2.600e-01 2.680e-01 2.480e-01 1.960e-01 1.560e-01 1.360e-01 1.200e-01 1.040e-01 9.200e-02 7.600e-02
6.000e+00 9.600e-02 7.600e-02 6.800e-02 6.400e-02 5.600e-02 5.200e-02 5.600e-02 4.800e-02 4.800e-02 5.200e-02 4.800e-02 5.200e-02 5.200e-02 5.600e-02 6.800e-02 7.200e-02 7.200e-02 6.800e-02 6.400e-02 6.400e-02 1.400e-01 1.720e-01 1.640e-01 1.560e-01 1.440e-01 1.600e-01 2.680e-01 3.040e-01 3.360e-01 3.440e-01 3.280e-01 2.720e-01 2.280e-01 1.880e-01 1.640e-01 1.400e-01
1.000e+01 2.440e-01 2.000e-01 2.320e-01 2.760e-01 2.960e-01 3.120e-01 3.200e-01 3.160e-01 3.240e-01 3.600e-01 3.640e-01 4.040e-01 4.200e-01 4.280e-01 4.960e-01 5.040e-01 5.040e-01 5.040e-01 4.680e-01 4.560e-01 4.080e-01 3.720e-01 3.640e-01 3.600e-01 3.640e-01 3.680e-01 3.840e-01 4.120e-01 4.360e-01 4.440e-01 4.360e-01 4.000e-01 3.760e-01 3.600e-01 3.280e-01 3.040e-01
6.000e+00 2.080e-01 2.360e-01 2.320e-01 2.280e-01 2.200e-01 1.960e-01 1.720e-01 1.680e-01 1.560e-01 1.480e-01 1.360e-01 1.360e-01 1.400e-01 1.440e-01 1.440e-01 1.480e-01 1.480e-01 1.520e-01 1.440e-01 1.000e-01 3.360e-01 3.440e-01 3.360e-01 3.520e-01 3.600e-01 4.080e-01 3.680e-01 3.760e-01 3.800e-01 3.720e-01 3.640e-01 3.560e-01 3.480e-01 2.840e-01 2.680e-01 2.560e-01
3.000e+00 -0.000e+00 3.520e-01 3.240e-01 2.840e-01 -0.000e+00 -0.000e+00 2.120e-01 1.800e-01 2.240e-01 1.840e-01 3.960e-01 6.120e-01 6.000e-01 8.440e-01 9.000e-01 9.040e-01 9.120e-01 9.000e-01 9.000e-01 8.960e-01 8.920e-01 9.200e-01 9.240e-01 9.200e-01 9.120e-01 8.920e-01 8.520e-01 8.320e-01 7.240e-01 6.760e-01 3.560e-01 3.040e-01 3.760e-01 3.160e-01 3.080e-01 3.040e-01
3.000e+00 3.480e-01 3.600e-01 3.760e-01 3.480e-01 3.280e-01 2.400e-01 2.640e-01 2.320e-01 2.400e-01 2.920e-01 4.400e-01 5.400e-01 6.560e-01 7.680e-01 8.840e-01 9.160e-01 9.160e-01 9.120e-01 9.040e-01 8.920e-01 9.040e-01 9.240e-01 8.920e-01 9.040e-01 9.120e-01 9.120e-01 9.000e-01 9.000e-01 8.800e-01 7.920e-01 5.600e-01 5.280e-01 4.280e-01 3.800e-01 3.400e-01 3.320e-01
1.000e+00 -0.000e+00 -0.000e+00 -0.000e+00 -0.000e+00 -0.000e+00 -0.000e+00 -0.000e+00 7.160e-01 6.720e-01 7.360e-01 7.720e-01 7.680e-01 7.960e-01 8.240e-01 8.280e-01 8.320e-01 8.360e-01 8.440e-01 8.360e-01 8.360e-01 8.320e-01 8.360e-01 8.320e-01 8.320e-01 8.080e-01 8.520e-01 8.600e-01 8.440e-01 8.360e-01 8.360e-01 8.200e-01 8.280e-01 8.360e-01 8.320e-01 8.280e-01 8.320e-01
1.000e+01 -0.000e+00 -0.000e+00 4.560e-01 4.160e-01 3.920e-01 3.800e-01 2.960e-01 3.200e-01 3.280e-01 3.400e-01 3.360e-01 3.320e-01 3.280e-01 3.880e-01 4.240e-01 4.240e-01 4.480e-01 4.520e-01 4.600e-01 4.600e-01 4.640e-01 4.960e-01 5.000e-01 5.040e-01 5.000e-01 5.240e-01 5.400e-01 5.360e-01 5.280e-01 5.200e-01 5.240e-01 5.400e-01 5.520e-01 5.440e-01 5.520e-01 5.440e-01
8.000e+00 6.560e-01 5.760e-01 6.280e-01 6.200e-01 5.920e-01 5.800e-01 5.640e-01 5.920e-01 6.320e-01 6.880e-01 7.560e-01 8.000e-01 8.240e-01 8.280e-01 8.800e-01 8.600e-01 8.360e-01 8.240e-01 8.400e-01 -0.000e+00 8.040e-01 7.840e-01 7.440e-01 8.760e-01 8.680e-01 8.520e-01 8.360e-01 8.200e-01 8.400e-01 8.240e-01 8.200e-01 8.080e-01 7.960e-01 7.600e-01 7.760e-01 7.760e-01
1.000e+01 -0.000e+00 -0.000e+00 -0.000e+00 -0.000e+00 3.600e-02 4.400e-02 4.800e-02 4.800e-02 5.200e-02 5.600e-02 6.400e-02 7.200e-02 7.600e-02 8.400e-02 9.600e-02 9.200e-02 8.000e-02 7.600e-02 6.400e-02 6.800e-02 6.800e-02 7.200e-02 6.800e-02 8.400e-02 9.200e-02 1.280e-01 1.520e-01 1.360e-01 1.320e-01 1.240e-01 1.240e-01 1.200e-01 1.160e-01 -0.000e+00 -0.000e+00 -0.000e+00
6.000e+00 3.200e-02 3.200e-02 2.800e-02 2.400e-02 2.800e-02 2.400e-02 2.400e-02 2.000e-02 2.000e-02 2.000e-02 2.000e-02 2.000e-02 2.000e-02 2.000e-02 2.000e-02 2.000e-02 2.000e-02 2.000e-02 2.000e-02 2.000e-02 1.600e-02 2.000e-02 2.000e-02 2.000e-02 2.000e-02 2.400e-02 2.400e-02 2.000e-02 2.000e-02 2.000e-02 2.000e-02 2.000e-02 2.800e-02 3.200e-02 2.800e-02 3.200e-02
6.000e+00 6.400e-02 6.400e-02 5.600e-02 5.200e-02 4.400e-02 4.000e-02 4.000e-02 3.600e-02 3.200e-02 3.600e-02 3.600e-02 4.000e-02 4.000e-02 4.000e-02 4.400e-02 4.400e-02 5.200e-02 5.200e-02 5.200e-02 5.600e-02 8.000e-02 1.040e-01 1.040e-01 1.000e-01 9.200e-02 1.040e-01 1.280e-01 1.240e-01 1.160e-01 1.080e-01 1.040e-01 8.800e-02 8.400e-02 7.600e-02 7.600e-02 7.200e-02
1.000e+01 1.080e-01 1.120e-01 1.040e-01 1.080e-01 1.200e-01 -0.000e+00 1.160e-01 1.360e-01 1.520e-01 3.240e-01 3.840e-01 4.240e-01 4.600e-01 4.840e-01 5.000e-01 4.120e-01 3.640e-01 2.880e-01 2.760e-01 3.160e-01 3.960e-01 4.680e-01 5.320e-01 5.120e-01 4.960e-01 4.680e-01 4.320e-01 4.040e-01 3.800e-01 3.360e-01 3.160e-01 2.920e-01 2.560e-01 2.080e-01 1.720e-01 1.480e-01
1.000e+01 1.880e-01 1.800e-01 2.040e-01 2.360e-01 2.360e-01 2.480e-01 2.720e-01 2.880e-01 3.120e-01 3.840e-01 4.440e-01 4.720e-01 4.840e-01 4.920e-01 5.200e-01 5.360e-01 5.280e-01 5.160e-01 4.640e-01 4.520e-01 4.640e-01 4.440e-01 4.240e-01 3.480e-01 3.200e-01 3.080e-01 3.560e-01 4.600e-01 5.240e-01 5.760e-01 5.680e-01 4.960e-01 4.360e-01 4.120e-01 3.600e-01 3.320e-01
1.200e+01 3.600e-02 1.000e-01 1.080e-01 1.120e-01 1.080e-01 1.000e-01 9.200e-02 1.360e-01 1.320e-01 1.280e-01 1.640e-01 1.800e-01 1.800e-01 1.520e-01 1.440e-01 1.600e-01 3.240e-01 3.560e-01 8.960e-01 8.840e-01 8.400e-01 -0.000e+00 8.040e-01 8.080e-01 8.400e-01 6.640e-01 5.560e-01 2.920e-01 2.400e-01 1.360e-01 1.160e-01 1.480e-01 1.280e-01 1.080e-01 8.400e-02 8.400e-02
1.200e+01 4.240e-01 4.320e-01 4.360e-01 4.560e-01 4.440e-01 4.440e-01 4.400e-01 4.800e-01 5.280e-01 5.400e-01 6.720e-01 6.600e-01 6.880e-01 6.640e-01 6.440e-01 6.600e-01 6.600e-01 6.280e-01 5.720e-01 5.880e-01 6.560e-01 7.040e-01 8.280e-01 8.400e-01 7.960e-01 7.520e-01 6.840e-01 6.000e-01 5.280e-01 3.840e-01 2.800e-01 2.800e-01 2.680e-01 2.520e-01 2.720e-01 3.120e-01
3.000e+00 -0.000e+00 -0.000e+00 -0.000e+00 -0.000e+00 -0.000e+00 -0.000e+00 -0.000e+00 -0.000e+00 1.920e-01 2.320e-01 3.000e-01 3.560e-01 3.720e-01 3.840e-01 9.240e-01 9.200e-01 9.040e-01 8.960e-01 9.000e-01 9.000e-01 9.120e-01 9.200e-01 9.120e-01 8.960e-01 9.000e-01 8.480e-01 7.960e-01 7.560e-01 6.680e-01 4.640e-01 3.960e-01 4.080e-01 4.080e-01 -0.000e+00 -0.000e+00 -0.000e+00
3.000e+00 -0.000e+00 -0.000e+00 -0.000e+00 -0.000e+00 -0.000e+00 -0.000e+00 -0.000e+00 -0.000e+00 2.520e-01 2.320e-01 3.080e-01 3.760e-01 4.640e-01 6.800e-01 8.560e-01 9.200e-01 9.040e-01 9.000e-01 -0.000e+00 9.160e-01 9.080e-01 9.040e-01 8.880e-01 8.920e-01 8.840e-01 8.320e-01 8.240e-01 8.280e-01 5.120e-01 4.680e-01 4.160e-01 3.720e-01 3.640e-01 3.680e-01 2.920e-01 2.800e-01
1.000e+00 -0.000e+00 -0.000e+00 -0.000e+00 -0.000e+00 -0.000e+00 -0.000e+00 -0.000e+00 -0.000e+00 -0.000e+00 -0.000e+00 -0.000e+00 -0.000e+00 5.840e-01 5.720e-01 6.720e-01 7.400e-01 7.480e-01 7.640e-01 8.120e-01 8.320e-01 8.280e-01 8.160e-01 7.760e-01 7.880e-01 7.920e-01 7.920e-01 7.960e-01 7.480e-01 7.040e-01 7.080e-01 7.120e-01 6.160e-01 5.240e-01 -0.000e+00 -0.000e+00 -0.000e+00
1.000e+00 -0.000e+00 -0.000e+00 -0.000e+00 7.880e-01 7.880e-01 7.920e-01 8.160e-01 8.680e-01 8.960e-01 8.640e-01 8.800e-01 8.840e-01 8.800e-01 8.720e-01 9.000e-01 9.000e-01 9.040e-01 9.080e-01 8.960e-01 8.960e-01 8.960e-01 8.920e-01 6.680e-01 7.720e-01 7.360e-01 7.200e-01 7.120e-01 7.080e-01 7.040e-01 6.600e-01 6.200e-01 6.400e-01 6.880e-01 7.080e-01 6.440e-01 7.000e-01
1.000e+01 -0.000e+00 -0.000e+00 -0.000e+00 -0.000e+00 -0.000e+00 -0.000e+00 -0.000e+00 -0.000e+00 -0.000e+00 -0.000e+00 -0.000e+00 2.160e-01 2.400e-01 2.520e-01 3.080e-01 3.760e-01 5.400e-01 5.800e-01 5.800e-01 5.920e-01 5.800e-01 5.920e-01 5.440e-01 5.320e-01 4.800e-01 4.360e-01 3.960e-01 4.560e-01 3.840e-01 3.720e-01 3.880e-01 4.680e-01 3.240e-01 3.120e-01 3.080e-01 -0.000e+00
1.000e+01 -0.000e+00 -0.000e+00 -0.000e+00 1.160e-01 6.800e-02 6.000e-02 4.400e-02 4.400e-02 4.400e-02 4.800e-02 7.200e-02 1.120e-01 1.440e-01 1.640e-01 2.240e-01 3.560e-01 3.920e-01 4.080e-01 4.080e-01 3.800e-01 3.680e-01 3.560e-01 3.040e-01 2.720e-01 2.760e-01 2.840e-01 2.960e-01 2.960e-01 2.400e-01 1.760e-01 1.760e-01 1.800e-01 1.960e-01 1.960e-01 -0.000e+00 -0.000e+00
1.000e+01 -0.000e+00 -0.000e+00 -0.000e+00 -0.000e+00 -0.000e+00 -0.000e+00 5.600e-02 6.400e-02 7.600e-02 7.600e-02 1.200e-01 1.360e-01 1.280e-01 1.200e-01 1.160e-01 1.000e-01 8.800e-02 7.200e-02 6.400e-02 5.600e-02 4.400e-02 4.000e-02 4.000e-02 3.600e-02 4.000e-02 4.000e-02 4.800e-02 5.200e-02 6.400e-02 8.000e-02 8.800e-02 1.080e-01 1.200e-01 1.280e-01 -0.000e+00 -0.000e+00
1.000e+01 -0.000e+00 -0.000e+00 -0.000e+00 -0.000e+00 -0.000e+00 -0.000e+00 -0.000e+00 1.200e-02 1.200e-02 1.200e-02 1.600e-02 2.000e-02 2.000e-02 2.000e-02 3.200e-02 4.000e-02 4.000e-02 4.000e-02 3.600e-02 3.200e-02 2.800e-02 2.400e-02 2.400e-02 2.400e-02 2.400e-02 2.400e-02 2.400e-02 2.800e-02 2.800e-02 3.200e-02 3.200e-02 3.200e-02 3.600e-02 -0.000e+00 -0.000e+00 -0.000e+00
1.000e+01 -0.000e+00 -0.000e+00 -0.000e+00 -0.000e+00 -0.000e+00 2.400e-02 3.600e-02 2.800e-02 4.800e-02 5.600e-02 5.200e-02 9.200e-02 1.640e-01 1.920e-01 2.560e-01 6.280e-01 7.160e-01 7.280e-01 7.120e-01 6.480e-01 6.440e-01 6.080e-01 5.040e-01 4.680e-01 4.560e-01 4.720e-01 4.920e-01 5.000e-01 4.280e-01 3.280e-01 2.520e-01 2.920e-01 2.760e-01 1.840e-01 -0.000e+00 -0.000e+00
1.000e+01 3.600e-02 4.000e-02 4.400e-02 4.000e-02 3.600e-02 3.200e-02 2.800e-02 2.400e-02 3.600e-02 3.600e-02 3.200e-02 4.400e-02 6.400e-02 1.160e-01 2.640e-01 3.200e-01 4.360e-01 5.240e-01 5.280e-01 5.480e-01 5.680e-01 6.000e-01 6.200e-01 5.920e-01 5.760e-01 5.520e-01 5.120e-01 5.000e-01 3.680e-01 2.400e-01 2.680e-01 1.880e-01 1.360e-01 1.160e-01 9.600e-02 7.600e-02
1.200e+01 -0.000e+00 -0.000e+00 -0.000e+00 -0.000e+00 -0.000e+00 -0.000e+00 -0.000e+00 -0.000e+00 -0.000e+00 -0.000e+00 -0.000e+00 -0.000e+00 8.000e-02 1.040e-01 1.360e-01 2.480e-01 2.920e-01 4.800e-01 6.640e-01 7.880e-01 8.160e-01 8.160e-01 8.160e-01 7.280e-01 5.800e-01 4.960e-01 4.200e-01 3.800e-01 3.120e-01 2.040e-01 2.040e-01 2.640e-01 3.040e-01 -0.000e+00 -0.000e+00 -0.000e+00
1.200e+01 -0.000e+00 -0.000e+00 -0.000e+00 -0.000e+00 -0.000e+00 -0.000e+00 4.800e-02 4.800e-02 8.000e-02 8.000e-02 6.800e-02 1.000e-01 1.320e-01 1.640e-01 2.000e-01 2.480e-01 3.320e-01 3.800e-01 6.320e-01 8.360e-01 8.600e-01 8.480e-01 8.200e-01 8.240e-01 8.800e-01 8.320e-01 6.280e-01 5.200e-01 4.520e-01 2.400e-01 1.840e-01 1.200e-01 6.400e-02 6.800e-02 -0.000e+00 -0.000e+00
1.200e+01 -0.000e+00 -0.000e+00 2.760e-01 2.320e-01 -0.000e+00 -0.000e+00 1.120e-01 1.040e-01 1.840e-01 1.840e-01 1.800e-01 2.400e-01 2.480e-01 3.400e-01 4.520e-01 4.760e-01 5.200e-01 5.560e-01 5.640e-01 7.080e-01 7.160e-01 7.680e-01 8.160e-01 8.040e-01 6.760e-01 5.440e-01 5.000e-01 4.720e-01 4.400e-01 4.120e-01 3.880e-01 3.720e-01 2.600e-01 2.440e-01 1.520e-01 -0.000e+00
1.200e+01 -0.000e+00 1.440e-01 1.360e-01 1.480e-01 8.400e-02 1.600e-01 -0.000e+00 -0.000e+00 9.600e-02 1.080e-01 1.640e-01 1.840e-01 3.840e-01 4.080e-01 4.680e-01 5.040e-01 5.960e-01 6.280e-01 6.840e-01 7.080e-01 7.520e-01 7.520e-01 7.800e-01 7.840e-01 7.120e-01 6.520e-01 5.920e-01 5.520e-01 5.160e-01 4.160e-01 3.600e-01 3.840e-01 2.760e-01 2.560e-01 2.160e-01 1.480e-01
1.000e+00 -0.000e+00 -0.000e+00 -0.000e+00 -0.000e+00 -0.000e+00 -0.000e+00 -0.000e+00 -0.000e+00 -0.000e+00 -0.000e+00 -0.000e+00 -0.000e+00 4.760e-01 5.160e-01 6.280e-01 5.840e-01 6.040e-01 6.640e-01 7.000e-01 7.040e-01 7.400e-01 7.200e-01 7.320e-01 7.720e-01 7.600e-01 7.160e-01 7.480e-01 5.560e-01 7.280e-01 7.480e-01 -0.000e+00 -0.000e+00 -0.000e+00 -0.000e+00 -0.000e+00 -0.000e+00
1.000e+00 -0.000e+00 -0.000e+00 -0.000e+00 -0.000e+00 -0.000e+00 -0.000e+00 -0.000e+00 -0.000e+00 -0.000e+00 -0.000e+00 -0.000e+00 -0.000e+00 -0.000e+00 5.160e-01 5.520e-01 5.600e-01 6.000e-01 6.520e-01 6.560e-01 6.720e-01 6.800e-01 6.800e-01 7.280e-01 6.920e-01 7.040e-01 6.880e-01 6.880e-01 7.120e-01 7.520e-01 6.160e-01 5.920e-01 -0.000e+00 -0.000e+00 -0.000e+00 -0.000e+00 -0.000e+00
1.000e+00 -0.000e+00 -0.000e+00 -0.000e+00 -0.000e+00 -0.000e+00 -0.000e+00 -0.000e+00 -0.000e+00 -0.000e+00 -0.000e+00 4.320e-01 4.720e-01 5.320e-01 5.160e-01 5.200e-01 4.880e-01 5.240e-01 5.840e-01 5.920e-01 6.280e-01 6.240e-01 6.360e-01 6.320e-01 6.080e-01 6.600e-01 6.880e-01 7.040e-01 4.720e-01 7.000e-01 7.720e-01 7.560e-01 8.000e-01 -0.000e+00 -0.000e+00 -0.000e+00 -0.000e+00
1.000e+00 -0.000e+00 -0.000e+00 -0.000e+00 -0.000e+00 -0.000e+00 -0.000e+00 -0.000e+00 -0.000e+00 -0.000e+00 -0.000e+00 -0.000e+00 -0.000e+00 5.200e-01 5.720e-01 6.400e-01 6.640e-01 6.640e-01 6.720e-01 7.600e-01 7.680e-01 7.480e-01 7.160e-01 7.240e-01 7.120e-01 7.320e-01 7.680e-01 7.000e-01 5.760e-01 5.960e-01 6.520e-01 -0.000e+00 4.160e-01 4.280e-01 4.200e-01 -0.000e+00 -0.000e+00
1.000e+00 -0.000e+00 -0.000e+00 -0.000e+00 -0.000e+00 -0.000e+00 -0.000e+00 -0.000e+00 -0.000e+00 -0.000e+00 -0.000e+00 -0.000e+00 -0.000e+00 -0.000e+00 -0.000e+00 -0.000e+00 5.360e-01 5.360e-01 5.880e-01 6.160e-01 6.400e-01 7.720e-01 7.320e-01 7.920e-01 7.920e-01 7.880e-01 7.400e-01 6.880e-01 6.920e-01 6.960e-01 7.760e-01 6.840e-01 5.720e-01 -0.000e+00 -0.000e+00 -0.000e+00 -0.000e+00
1.000e+00 -0.000e+00 -0.000e+00 -0.000e+00 -0.000e+00 -0.000e+00 -0.000e+00 -0.000e+00 -0.000e+00 -0.000e+00 -0.000e+00 -0.000e+00 -0.000e+00 -0.000e+00 -0.000e+00 5.160e-01 5.680e-01 5.760e-01 6.560e-01 6.840e-01 6.720e-01 6.960e-01 6.720e-01 6.920e-01 6.760e-01 6.920e-01 6.680e-01 4.920e-01 6.200e-01 7.000e-01 6.600e-01 5.920e-01 6.000e-01 3.440e-01 3.560e-01 -0.000e+00 -0.000e+00
1.000e+00 5.680e-01 5.360e-01 5.080e-01 4.360e-01 -0.000e+00 -0.000e+00 -0.000e+00 -0.000e+00 -0.000e+00 -0.000e+00 -0.000e+00 4.680e-01 5.640e-01 6.200e-01 6.640e-01 6.920e-01 7.040e-01 7.560e-01 7.600e-01 7.840e-01 7.880e-01 7.880e-01 7.120e-01 6.960e-01 7.440e-01 7.640e-01 7.600e-01 6.480e-01 5.880e-01 7.280e-01 -0.000e+00 5.640e-01 6.120e-01 6.240e-01 6.160e-01 5.880e-01
1.000e+00 -0.000e+00 -0.000e+00 -0.000e+00 -0.000e+00 -0.000e+00 -0.000e+00 -0.000e+00 -0.000e+00 -0.000e+00 -0.000e+00 -0.000e+00 -0.000e+00 4.480e-01 5.120e-01 4.960e-01 5.520e-01 6.200e-01 7.160e-01 7.640e-01 8.200e-01 8.320e-01 8.080e-01 7.640e-01 7.640e-01 7.600e-01 7.440e-01 6.200e-01 5.680e-01 6.080e-01 6.880e-01 4.040e-01 5.680e-01 -0.000e+00 -0.000e+00 -0.000e+00 -0.000e+00
6.000e+00 -0.000e+00 -0.000e+00 -0.000e+00 -0.000e+00 -0.000e+00 -0.000e+00 -0.000e+00 -0.000e+00 -0.000e+00 -0.000e+00 -0.000e+00 -0.000e+00 -0.000e+00 -0.000e+00 4.800e-01 4.960e-01 5.400e-01 5.600e-01 5.240e-01 4.720e-01 4.640e-01 5.160e-01 5.320e-01 5.240e-01 4.880e-01 4.680e-01 4.800e-01 4.200e-01 5.040e-01 -0.000e+00 -0.000e+00 -0.000e+00 -0.000e+00 -0.000e+00 -0.000e+00 -0.000e+00
1.000e+00 -0.000e+00 -0.000e+00 -0.000e+00 -0.000e+00 -0.000e+00 -0.000e+00 -0.000e+00 -0.000e+00 -0.000e+00 -0.000e+00 -0.000e+00 -0.000e+00 -0.000e+00 5.440e-01 5.640e-01 5.760e-01 6.440e-01 6.600e-01 6.840e-01 7.480e-01 7.520e-01 7.680e-01 7.520e-01 7.480e-01 7.080e-01 6.840e-01 6.320e-01 6.160e-01 6.880e-01 7.280e-01 7.680e-01 6.960e-01 -0.000e+00 -0.000e+00 -0.000e+00 -0.000e+00
1.000e+00 -0.000e+00 -0.000e+00 -0.000e+00 -0.000e+00 -0.000e+00 -0.000e+00 -0.000e+00 -0.000e+00 -0.000e+00 -0.000e+00 -0.000e+00 -0.000e+00 4.440e-01 4.920e-01 4.920e-01 5.320e-01 6.320e-01 6.680e-01 7.360e-01 7.680e-01 7.880e-01 8.000e-01 7.920e-01 7.720e-01 7.440e-01 7.200e-01 6.680e-01 6.240e-01 5.840e-01 5.960e-01 7.120e-01 7.240e-01 6.200e-01 -0.000e+00 -0.000e+00 -0.000e+00
6.000e+00 -0.000e+00 -0.000e+00 -0.000e+00 -0.000e+00 -0.000e+00 -0.000e+00 -0.000e+00 -0.000e+00 -0.000e+00 -0.000e+00 -0.000e+00 -0.000e+00 -0.000e+00 -0.000e+00 -0.000e+00 1.800e-01 3.520e-01 4.400e-01 4.640e-01 4.720e-01 5.240e-01 5.920e-01 6.000e-01 6.040e-01 6.080e-01 5.440e-01 5.560e-01 2.080e-01 2.360e-01 2.720e-01 2.160e-01 -0.000e+00 -0.000e+00 -0.000e+00 -0.000e+00 -0.000e+00
6.000e+00 -0.000e+00 -0.000e+00 -0.000e+00 -0.000e+00 -0.000e+00 -0.000e+00 -0.000e+00 -0.000e+00 -0.000e+00 -0.000e+00 -0.000e+00 -0.000e+00 -0.000e+00 -0.000e+00 -0.000e+00 -0.000e+00 -0.000e+00 1.640e-01 1.480e-01 1.480e-01 5.120e-01 4.160e-01 4.400e-01 4.560e-01 4.640e-01 4.120e-01 3.920e-01 3.240e-01 2.360e-01 -0.000e+00 -0.000e+00 -0.000e+00 -0.000e+00 -0.000e+00 -0.000e+00 -0.000e+00
1.200e+01 -0.000e+00 -0.000e+00 -0.000e+00 -0.000e+00 -0.000e+00 -0.000e+00 -0.000e+00 -0.000e+00 -0.000e+00 -0.000e+00 -0.000e+00 -0.000e+00 -0.000e+00 9.200e-02 1.120e-01 1.240e-01 1.240e-01 4.840e-01 5.960e-01 7.520e-01 8.000e-01 7.760e-01 7.840e-01 7.520e-01 6.080e-01 3.760e-01 3.080e-01 2.000e-01 1.720e-01 1.000e-01 9.200e-02 -0.000e+00 -0.000e+00 -0.000e+00 -0.000e+00 -0.000e+00
1.200e+01 2.440e-01 2.320e-01 3.040e-01 3.600e-01 3.600e-01 3.920e-01 4.600e-01 5.480e-01 5.840e-01 6.560e-01 6.360e-01 6.400e-01 5.840e-01 4.800e-01 4.280e-01 3.440e-01 2.320e-01 1.720e-01 1.440e-01 1.240e-01 1.080e-01 1.000e-01 9.200e-02 8.400e-02 7.600e-02 6.000e-02 6.000e-02 5.600e-02 6.000e-02 6.000e-02 6.800e-02 6.400e-02 7.200e-02 8.000e-02 8.400e-02 1.080e-01
6.000e+00 2.800e-01 2.600e-01 2.240e-01 1.960e-01 1.760e-01 2.480e-01 2.760e-01 3.400e-01 3.480e-01 3.920e-01 4.560e-01 4.680e-01 4.440e-01 4.160e-01 3.280e-01 2.840e-01 2.320e-01 1.960e-01 1.760e-01 1.680e-01 1.640e-01 1.560e-01 1.440e-01 1.400e-01 1.400e-01 1.400e-01 1.400e-01 1.480e-01 1.520e-01 1.520e-01 1.240e-01 1.160e-01 1.240e-01 1.440e-01 -0.000e+00 -0.000e+00
1.000e+01 1.120e-01 1.120e-01 -0.000e+00 -0.000e+00 -0.000e+00 1.040e-01 9.200e-02 1.840e-01 2.120e-01 2.600e-01 3.480e-01 4.440e-01 4.680e-01 4.600e-01 4.400e-01 3.520e-01 2.520e-01 1.800e-01 1.240e-01 9.600e-02 8.400e-02 7.200e-02 6.800e-02 6.000e-02 6.000e-02 5.600e-02 5.600e-02 6.000e-02 6.400e-02 6.800e-02 7.600e-02 8.800e-02 1.080e-01 1.120e-01 -0.000e+00 -0.000e+00
6.000e+00 5.200e-02 4.800e-02 4.400e-02 4.000e-02 3.600e-02 3.200e-02 2.800e-02 2.800e-02 3.600e-02 3.200e-02 3.200e-02 2.800e-02 2.400e-02 2.400e-02 2.400e-02 2.000e-02 2.000e-02 2.000e-02 2.400e-02 2.400e-02 2.400e-02 2.000e-02 2.000e-02 1.600e-02 2.000e-02 4.400e-02 8.000e-02 1.000e-01 1.560e-01 1.520e-01 1.360e-01 1.200e-01 1.240e-01 1.120e-01 9.600e-02 1.000e-01
6.000e+00 1.040e-01 1.080e-01 1.720e-01 2.400e-01 2.880e-01 4.920e-01 5.400e-01 6.280e-01 6.600e-01 6.720e-01 5.920e-01 4.880e-01 4.320e-01 1.280e-01 6.000e-02 4.000e-02 3.600e-02 3.200e-02 3.200e-02 2.800e-02 2.800e-02 2.400e-02 2.400e-02 2.000e-02 2.000e-02 2.000e-02 1.600e-02 2.000e-02 2.400e-02 2.800e-02 3.200e-02 3.200e-02 3.200e-02 5.600e-02 6.400e-02 6.800e-02
6.000e+00 1.560e-01 1.680e-01 1.840e-01 1.880e-01 2.240e-01 2.280e-01 2.280e-01 3.080e-01 3.640e-01 4.400e-01 4.560e-01 4.880e-01 5.040e-01 4.760e-01 4.600e-01 4.320e-01 3.600e-01 2.640e-01 1.760e-01 1.400e-01 1.080e-01 9.600e-02 9.600e-02 8.800e-02 7.600e-02 7.600e-02 8.400e-02 8.800e-02 8.800e-02 7.600e-02 6.800e-02 7.200e-02 6.800e-02 6.400e-02 5.600e-02 6.800e-02
1.200e+01 7.560e-01 7.640e-01 7.920e-01 8.080e-01 8.200e-01 7.960e-01 7.720e-01 7.560e-01 7.320e-01 6.960e-01 6.400e-01 5.360e-01 5.000e-01 4.560e-01 3.680e-01 3.560e-01 4.080e-01 5.080e-01 5.800e-01 7.160e-01 8.040e-01 8.160e-01 8.200e-01 8.120e-01 7.400e-01 6.800e-01 6.120e-01 4.760e-01 4.280e-01 4.320e-01 5.200e-01 5.800e-01 6.280e-01 6.840e-01 7.160e-01 7.200e-01
1.200e+01 4.080e-01 4.160e-01 4.160e-01 4.840e-01 4.880e-01 5.800e-01 6.040e-01 7.840e-01 8.240e-01 8.560e-01 8.560e-01 8.720e-01 8.680e-01 7.320e-01 4.320e-01 2.920e-01 1.560e-01 1.000e-01 7.200e-02 6.000e-02 5.200e-02 5.200e-02 4.800e-02 4.400e-02 4.400e-02 4.400e-02 4.800e-02 5.200e-02 6.000e-02 6.400e-02 6.000e-02 6.400e-02 8.000e-02 1.240e-01 -0.000e+00 -0.000e+00
1.000e+01 -0.000e+00 -0.000e+00 -0.000e+00 -0.000e+00 -0.000e+00 3.600e-02 1.200e-02 2.800e-02 3.600e-02 3.600e-02 6.400e-02 8.800e-02 1.120e-01 1.240e-01 1.320e-01 1.480e-01 1.520e-01 1.720e-01 1.840e-01 1.840e-01 1.800e-01 1.800e-01 2.040e-01 2.240e-01 2.120e-01 2.040e-01 1.880e-01 1.320e-01 9.600e-02 7.600e-02 1.040e-01 9.200e-02 1.080e-01 1.760e-01 4.400e-02 -0.000e+00
1.200e+01 4.000e-01 3.920e-01 4.000e-01 3.720e-01 3.760e-01 3.760e-01 4.200e-01 4.240e-01 -0.000e+00 5.160e-01 4.920e-01 4.880e-01 5.280e-01 5.200e-01 4.600e-01 4.360e-01 3.760e-01 3.240e-01 2.920e-01 2.960e-01 3.000e-01 2.840e-01 2.520e-01 2.080e-01 1.640e-01 1.160e-01 1.040e-01 1.320e-01 1.520e-01 2.160e-01 2.400e-01 2.240e-01 2.000e-01 1.560e-01 1.560e-01 1.520e-01
1.200e+01 1.640e-01 1.320e-01 2.200e-01 -0.000e+00 2.520e-01 2.240e-01 1.920e-01 6.800e-02 1.840e-01 2.000e-01 3.160e-01 3.800e-01 5.240e-01 5.920e-01 7.360e-01 7.880e-01 7.880e-01 8.040e-01 7.680e-01 7.120e-01 6.040e-01 4.280e-01 3.720e-01 3.520e-01 3.480e-01 3.480e-01 3.480e-01 3.600e-01 2.920e-01 4.960e-01 5.480e-01 4.080e-01 2.800e-01 4.600e-01 4.680e-01 4.280e-01
1.200e+01 -0.000e+00 3.440e-01 3.040e-01 2.720e-01 3.320e-01 3.080e-01 3.000e-01 4.160e-01 4.680e-01 4.640e-01 4.840e-01 4.600e-01 5.680e-01 6.280e-01 5.120e-01 4.080e-01 3.440e-01 3.320e-01 3.840e-01 4.600e-01 5.760e-01 6.120e-01 6.320e-01 6.440e-01 6.280e-01 6.080e-01 5.000e-01 4.440e-01 3.720e-01 2.200e-01 2.360e-01 3.840e-01 4.640e-01 4.920e-01 4.800e-01 2.480e-01
1.200e+01 2.560e-01 2.240e-01 3.560e-01 3.120e-01 2.400e-01 3.800e-01 3.840e-01 4.200e-01 -0.000e+00 5.160e-01 5.880e-01 5.800e-01 6.160e-01 6.600e-01 6.840e-01 7.600e-01 6.680e-01 6.400e-01 6.040e-01 5.720e-01 5.480e-01 5.200e-01 4.800e-01 4.600e-01 4.560e-01 4.680e-01 4.120e-01 3.440e-01 3.880e-01 3.400e-01 3.880e-01 4.120e-01 4.720e-01 4.520e-01 5.080e-01 3.000e-01
1.200e+01 2.640e-01 2.360e-01 2.400e-01 2.480e-01 -0.000e+00 3.560e-01 3.600e-01 3.720e-01 4.360e-01 5.080e-01 5.640e-01 6.640e-01 6.720e-01 6.320e-01 5.840e-01 5.440e-01 5.120e-01 5.040e-01 4.840e-01 4.640e-01 4.520e-01 4.400e-01 4.240e-01 4.080e-01 3.800e-01 3.640e-01 3.560e-01 3.320e-01 3.280e-01 3.000e-01 2.880e-01 2.680e-01 2.880e-01 2.560e-01 2.520e-01 2.400e-01
1.200e+01 -0.000e+00 1.880e-01 -0.000e+00 -0.000e+00 -0.000e+00 3.000e-01 2.760e-01 2.760e-01 2.280e-01 2.040e-01 5.520e-01 5.800e-01 5.880e-01 5.600e-01 4.800e-01 4.520e-01 4.600e-01 4.520e-01 4.680e-01 3.880e-01 2.920e-01 2.000e-01 1.520e-01 1.320e-01 1.280e-01 8.400e-02 1.440e-01 1.600e-01 2.000e-01 3.160e-01 3.400e-01 4.000e-01 2.680e-01 2.520e-01 3.280e-01 3.080e-01
1.000e+01 2.200e-01 2.040e-01 1.000e-01 7.600e-02 1.640e-01 2.640e-01 2.720e-01 3.160e-01 3.640e-01 4.280e-01 4.360e-01 4.600e-01 4.040e-01 3.200e-01 2.160e-01 1.520e-01 9.600e-02 8.000e-02 9.200e-02 9.200e-02 9.200e-02 8.800e-02 8.400e-02 1.040e-01 2.040e-01 3.160e-01 4.120e-01 4.640e-01 4.560e-01 3.800e-01 3.000e-01 2.160e-01 2.400e-01 1.600e-01 1.520e-01 1.160e-01
1.000e+00 -0.000e+00 -0.000e+00 -0.000e+00 -0.000e+00 -0.000e+00 -0.000e+00 -0.000e+00 -0.000e+00 -0.000e+00 -0.000e+00 -0.000e+00 -0.000e+00 4.840e-01 5.040e-01 6.120e-01 6.880e-01 8.000e-01 8.120e-01 8.320e-01 8.640e-01 8.560e-01 8.680e-01 8.080e-01 8.000e-01 7.960e-01 8.360e-01 7.800e-01 6.560e-01 7.640e-01 7.080e-01 6.760e-01 -0.000e+00 -0.000e+00 -0.000e+00 -0.000e+00 -0.000e+00
1.000e+01 -0.000e+00 -0.000e+00 -0.000e+00 7.160e-01 5.920e-01 7.440e-01 6.760e-01 6.760e-01 -0.000e+00 5.680e-01 5.560e-01 7.280e-01 7.840e-01 7.880e-01 8.480e-01 8.600e-01 8.560e-01 8.560e-01 7.880e-01 7.880e-01 7.920e-01 7.800e-01 -0.000e+00 -0.000e+00 -0.000e+00 -0.000e+00 -0.000e+00 7.920e-01 7.600e-01 7.240e-01 7.640e-01 6.960e-01 7.080e-01 -0.000e+00 -0.000e+00 -0.000e+00
1.000e+01 -0.000e+00 -0.000e+00 -0.000e+00 -0.000e+00 7.360e-01 6.480e-01 6.080e-01 -0.000e+00 5.640e-01 5.520e-01 6.160e-01 7.480e-01 7.600e-01 7.680e-01 8.360e-01 8.360e-01 8.360e-01 8.360e-01 8.040e-01 8.280e-01 8.320e-01 -0.000e+00 -0.000e+00 8.440e-01 8.320e-01 -0.000e+00 -0.000e+00 8.320e-01 8.240e-01 8.080e-01 -0.000e+00 5.920e-01 5.880e-01 7.160e-01 6.040e-01 -0.000e+00
1.200e+01 2.640e-01 -0.000e+00 4.760e-01 4.320e-01 3.960e-01 3.520e-01 3.400e-01 2.960e-01 3.120e-01 3.240e-01 4.880e-01 6.040e-01 6.480e-01 6.640e-01 8.200e-01 8.440e-01 8.440e-01 8.520e-01 8.400e-01 7.600e-01 7.520e-01 6.440e-01 -0.000e+00 5.080e-01 5.080e-01 5.200e-01 5.480e-01 5.720e-01 7.080e-01 7.040e-01 7.040e-01 7.560e-01 5.800e-01 5.440e-01 6.160e-01 -0.000e+00
1.200e+01 -0.000e+00 -0.000e+00 -0.000e+00 -0.000e+00 4.360e-01 3.760e-01 3.360e-01 3.120e-01 3.040e-01 2.800e-01 3.680e-01 4.320e-01 4.400e-01 4.480e-01 5.600e-01 5.320e-01 5.320e-01 5.320e-01 8.200e-01 8.040e-01 8.160e-01 8.080e-01 7.120e-01 6.560e-01 6.640e-01 6.680e-01 6.200e-01 6.280e-01 6.200e-01 5.920e-01 5.400e-01 7.400e-01 5.320e-01 7.160e-01 6.000e-01 5.200e-01
1.200e+01 -0.000e+00 -0.000e+00 -0.000e+00 -0.000e+00 -0.000e+00 -0.000e+00 -0.000e+00 -0.000e+00 -0.000e+00 -0.000e+00 2.400e-01 3.040e-01 4.720e-01 6.000e-01 6.280e-01 8.360e-01 8.720e-01 8.480e-01 7.840e-01 7.240e-01 4.680e-01 4.360e-01 4.080e-01 4.000e-01 3.480e-01 3.440e-01 3.600e-01 2.000e-01 2.880e-01 3.720e-01 3.200e-01 5.440e-01 -0.000e+00 -0.000e+00 4.720e-01 4.600e-01
