8.000e+00 1.133e+00 1.167e+00 1.167e+00 1.167e+00 1.133e+00 1.133e+00 1.133e+00 1.100e+00 1.000e+00 9.670e-01 9.330e-01 9.000e-01 9.000e-01 8.330e-01 8.330e-01 8.670e-01 8.670e-01 9.000e-01 1.267e+00 1.500e+00 1.667e+00 1.667e+00 1.533e+00 1.500e+00 1.533e+00 1.567e+00 1.567e+00 1.500e+00 1.433e+00 1.300e+00 1.233e+00 1.200e+00 1.200e+00 1.200e+00 1.233e+00 1.200e+00
8.000e+00 1.000e+00 1.067e+00 1.000e+00 9.670e-01 1.000e+00 1.000e+00 1.000e+00 9.330e-01 9.330e-01 9.330e-01 9.000e-01 8.670e-01 9.330e-01 1.000e+00 1.033e+00 1.067e+00 1.133e+00 1.200e+00 1.300e+00 1.333e+00 1.500e+00 8.670e-01 9.670e-01 9.330e-01 1.200e+00 1.233e+00 1.300e+00 1.267e+00 1.200e+00 1.200e+00 1.167e+00 1.167e+00 1.133e+00 1.133e+00 1.167e+00 1.133e+00
6.000e+00 1.330e-01 1.000e-01 1.000e-01 1.000e-01 1.000e-01 1.000e-01 1.330e-01 1.330e-01 1.670e-01 2.330e-01 2.670e-01 3.000e-01 3.000e-01 2.670e-01 2.670e-01 3.000e-01 4.670e-01 5.670e-01 6.000e-01 6.330e-01 7.000e-01 6.000e-01 5.330e-01 4.330e-01 4.330e-01 4.670e-01 5.670e-01 5.670e-01 5.000e-01 3.670e-01 2.670e-01 2.330e-01 2.000e-01 1.670e-01 1.330e-01 1.000e-01
6.000e+00 1.670e-01 1.330e-01 1.330e-01 1.330e-01 1.330e-01 1.330e-01 1.330e-01 1.330e-01 1.330e-01 1.330e-01 1.330e-01 1.330e-01 1.330e-01 1.670e-01 2.000e-01 2.000e-01 2.000e-01 2.000e-01 1.670e-01 1.670e-01 3.330e-01 4.000e-01 4.000e-01 3.670e-01 3.330e-01 3.670e-01 6.000e-01 6.670e-01 7.330e-01 7.330e-01 6.670e-01 5.000e-01 4.330e-01 3.330e-01 2.670e-01 2.330e-01
1.000e+01 3.000e-01 2.670e-01 3.000e-01 3.670e-01 4.000e-01 4.670e-01 5.000e-01 5.000e-01 5.670e-01 6.670e-01 6.670e-01 8.330e-01 9.000e-01 9.330e-01 1.333e+00 1.367e+00 1.367e+00 1.367e+00 1.200e+00 1.133e+00 8.670e-01 7.330e-01 7.000e-01 6.330e-01 6.000e-01 6.330e-01 6.330e-01 6.330e-01 7.000e-01 7.000e-01 6.670e-01 6.000e-01 5.670e-01 5.000e-01 4.330e-01 3.670e-01
6.000e+00 3.670e-01 3.670e-01 4.000e-01 4.000e-01 4.000e-01 3.670e-01 3.330e-01 3.330e-01 3.330e-01 3.330e-01 3.000e-01 3.330e-01 3.330e-01 3.330e-01 3.330e-01 3.670e-01 3.670e-01 3.670e-01 3.330e-01 2.670e-01 7.670e-01 8.000e-01 7.670e-01 7.670e-01 7.670e-01 1.033e+00 8.330e-01 7.670e-01 7.330e-01 6.670e-01 6.330e-01 6.000e-01 5.670e-01 5.000e-01 4.330e-01 4.000e-01
3.000e+00 -0.000e+00 4.670e-01 4.000e-01 3.330e-01 -0.000e+00 -0.000e+00 3.330e-01 2.670e-01 3.330e-01 3.330e-01 7.670e-01 1.633e+00 1.600e+00 4.300e+00 5.833e+00 5.933e+00 5.933e+00 5.767e+00 5.667e+00 5.400e+00 5.600e+00 5.700e+00 5.433e+00 5.267e+00 4.900e+00 4.333e+00 3.433e+00 2.933e+00 1.733e+00 1.433e+00 4.000e-01 3.000e-01 4.000e-01 3.330e-01 3.330e-01 2.000e-01
3.000e+00 4.670e-01 4.330e-01 4.670e-01 4.330e-01 4.000e-01 3.670e-01 4.000e-01 4.000e-01 4.330e-01 5.330e-01 9.670e-01 1.367e+00 2.067e+00 3.133e+00 5.100e+00 6.267e+00 6.233e+00 6.000e+00 5.800e+00 5.567e+00 5.633e+00 5.800e+00 4.967e+00 5.133e+00 5.200e+00 5.033e+00 4.567e+00 4.267e+00 3.600e+00 2.267e+00 9.670e-01 8.670e-01 5.330e-01 4.000e-01 4.000e-01 4.000e-01
1.000e+00 -0.000e+00 -0.000e+00 -0.000e+00 -0.000e+00 -0.000e+00 -0.000e+00 -0.000e+00 2.900e+00 2.533e+00 3.200e+00 3.533e+00 3.600e+00 3.867e+00 4.100e+00 4.200e+00 4.233e+00 4.367e+00 4.133e+00 4.100e+00 4.067e+00 4.067e+00 4.067e+00 4.000e+00 3.900e+00 3.500e+00 3.833e+00 3.800e+00 3.533e+00 3.333e+00 3.200e+00 2.967e+00 2.967e+00 3.000e+00 2.933e+00 3.000e+00 3.000e+00
1.000e+01 -0.000e+00 -0.000e+00 1.033e+00 9.670e-01 9.330e-01 9.000e-01 7.000e-01 7.330e-01 7.330e-01 7.670e-01 7.670e-01 7.670e-01 7.670e-01 9.330e-01 1.067e+00 1.067e+00 1.167e+00 1.167e+00 1.200e+00 1.200e+00 1.200e+00 1.267e+00 1.267e+00 1.233e+00 1.200e+00 1.233e+00 1.233e+00 1.167e+00 1.100e+00 1.033e+00 1.033e+00 1.067e+00 1.067e+00 1.100e+00 1.100e+00 1.067e+00
8.000e+00 1.467e+00 1.200e+00 1.367e+00 1.333e+00 1.333e+00 1.333e+00 1.400e+00 1.600e+00 1.933e+00 2.433e+00 3.367e+00 3.833e+00 4.067e+00 4.000e+00 5.133e+00 4.967e+00 4.633e+00 4.467e+00 4.633e+00 -0.000e+00 3.967e+00 3.767e+00 2.867e+00 4.700e+00 4.533e+00 4.267e+00 3.867e+00 3.400e+00 3.433e+00 3.033e+00 2.800e+00 2.533e+00 2.333e+00 2.033e+00 2.133e+00 2.167e+00
1.000e+01 -0.000e+00 -0.000e+00 -0.000e+00 -0.000e+00 6.700e-02 1.000e-01 1.000e-01 1.330e-01 1.330e-01 1.330e-01 1.670e-01 1.670e-01 1.670e-01 2.000e-01 2.000e-01 2.000e-01 2.000e-01 1.670e-01 1.670e-01 1.670e-01 1.670e-01 1.670e-01 1.670e-01 1.670e-01 1.670e-01 2.330e-01 2.330e-01 2.330e-01 2.000e-01 2.000e-01 1.670e-01 1.670e-01 1.670e-01 -0.000e+00 -0.000e+00 -0.000e+00
6.000e+00 6.700e-02 6.700e-02 6.700e-02 6.700e-02 6.700e-02 6.700e-02 6.700e-02 6.700e-02 6.700e-02 6.700e-02 6.700e-02 6.700e-02 6.700e-02 6.700e-02 6.700e-02 6.700e-02 6.700e-02 6.700e-02 6.700e-02 6.700e-02 6.700e-02 6.700e-02 6.700e-02 6.700e-02 6.700e-02 6.700e-02 6.700e-02 6.700e-02 6.700e-02 6.700e-02 6.700e-02 6.700e-02 6.700e-02 6.700e-02 6.700e-02 6.700e-02
6.000e+00 1.000e-01 1.000e-01 1.000e-01 1.000e-01 1.000e-01 1.000e-01 1.000e-01 1.000e-01 1.000e-01 1.000e-01 1.000e-01 1.330e-01 1.330e-01 1.330e-01 1.330e-01 1.330e-01 1.670e-01 1.670e-01 1.330e-01 1.670e-01 2.000e-01 2.330e-01 2.330e-01 2.330e-01 2.000e-01 2.330e-01 2.670e-01 2.330e-01 2.000e-01 2.000e-01 1.670e-01 1.330e-01 1.330e-01 1.330e-01 1.000e-01 1.000e-01
1.000e+01 1.330e-01 1.330e-01 1.330e-01 1.670e-01 1.670e-01 -0.000e+00 2.000e-01 2.000e-01 2.330e-01 5.330e-01 7.670e-01 9.330e-01 1.200e+00 1.300e+00 1.433e+00 9.670e-01 8.000e-01 5.670e-01 4.670e-01 5.330e-01 8.000e-01 1.100e+00 1.533e+00 1.400e+00 1.267e+00 1.033e+00 7.670e-01 6.670e-01 6.000e-01 4.670e-01 4.330e-01 3.670e-01 3.330e-01 2.670e-01 2.000e-01 1.670e-01
1.000e+01 2.000e-01 2.000e-01 2.330e-01 2.670e-01 3.000e-01 3.000e-01 3.670e-01 4.000e-01 4.670e-01 6.330e-01 9.330e-01 1.067e+00 1.133e+00 1.233e+00 1.433e+00 1.533e+00 1.500e+00 1.467e+00 1.200e+00 1.100e+00 1.133e+00 1.000e+00 9.000e-01 6.000e-01 5.000e-01 4.670e-01 5.330e-01 7.670e-01 1.033e+00 1.233e+00 1.233e+00 1.000e+00 7.670e-01 6.670e-01 5.330e-01 4.670e-01
1.200e+01 0.000e+00 1.330e-01 1.330e-01 1.330e-01 1.330e-01 1.670e-01 1.670e-01 2.000e-01 2.000e-01 2.330e-01 3.000e-01 3.330e-01 3.330e-01 3.330e-01 3.330e-01 3.670e-01 6.000e-01 6.670e-01 5.633e+00 5.433e+00 6.200e+00 -0.000e+00 6.367e+00 6.267e+00 5.467e+00 1.867e+00 1.467e+00 4.330e-01 3.330e-01 1.670e-01 1.330e-01 1.670e-01 1.670e-01 1.330e-01 1.000e-01 1.000e-01
1.200e+01 8.330e-01 9.330e-01 9.330e-01 1.033e+00 1.067e+00 1.033e+00 1.200e+00 1.467e+00 1.633e+00 1.767e+00 2.167e+00 2.200e+00 2.300e+00 2.233e+00 2.200e+00 2.267e+00 2.267e+00 2.100e+00 1.967e+00 2.000e+00 2.167e+00 2.300e+00 3.267e+00 3.567e+00 2.533e+00 2.233e+00 2.067e+00 1.867e+00 1.467e+00 6.670e-01 4.000e-01 4.000e-01 3.670e-01 3.330e-01 4.000e-01 5.000e-01
3.000e+00 -0.000e+00 -0.000e+00 -0.000e+00 -0.000e+00 -0.000e+00 -0.000e+00 -0.000e+00 -0.000e+00 4.670e-01 5.330e-01 5.670e-01 6.670e-01 7.330e-01 7.670e-01 6.067e+00 5.867e+00 5.833e+00 5.967e+00 6.067e+00 6.067e+00 6.100e+00 5.933e+00 5.233e+00 4.633e+00 4.533e+00 3.100e+00 2.367e+00 1.933e+00 1.367e+00 6.670e-01 5.000e-01 6.000e-01 6.000e-01 -0.000e+00 -0.000e+00 -0.000e+00
3.000e+00 -0.000e+00 -0.000e+00 -0.000e+00 -0.000e+00 -0.000e+00 -0.000e+00 -0.000e+00 -0.000e+00 5.000e-01 4.670e-01 6.000e-01 7.330e-01 9.670e-01 2.133e+00 4.333e+00 6.200e+00 6.167e+00 6.033e+00 -0.000e+00 5.867e+00 5.633e+00 5.533e+00 4.733e+00 4.567e+00 4.200e+00 3.100e+00 2.767e+00 2.633e+00 8.000e-01 6.330e-01 5.330e-01 4.000e-01 3.670e-01 3.670e-01 5.330e-01 5.000e-01
1.000e+00 -0.000e+00 -0.000e+00 -0.000e+00 -0.000e+00 -0.000e+00 -0.000e+00 -0.000e+00 -0.000e+00 -0.000e+00 -0.000e+00 -0.000e+00 -0.000e+00 2.200e+00 2.167e+00 2.667e+00 2.867e+00 2.900e+00 3.000e+00 3.400e+00 3.300e+00 3.200e+00 3.100e+00 2.833e+00 2.733e+00 2.667e+00 2.533e+00 2.433e+00 2.033e+00 1.600e+00 1.500e+00 1.500e+00 1.000e+00 9.000e-01 -0.000e+00 -0.000e+00 -0.000e+00
1.000e+00 -0.000e+00 -0.000e+00 -0.000e+00 2.867e+00 3.000e+00 3.200e+00 3.500e+00 4.000e+00 4.300e+00 3.967e+00 4.000e+00 4.067e+00 4.200e+00 4.433e+00 5.100e+00 4.733e+00 4.633e+00 4.667e+00 4.500e+00 4.467e+00 4.367e+00 4.433e+00 2.600e+00 2.967e+00 2.567e+00 2.333e+00 2.100e+00 1.933e+00 1.800e+00 1.433e+00 1.200e+00 1.133e+00 1.433e+00 1.533e+00 9.670e-01 1.600e+00
1.000e+01 -0.000e+00 -0.000e+00 -0.000e+00 -0.000e+00 -0.000e+00 -0.000e+00 -0.000e+00 -0.000e+00 -0.000e+00 -0.000e+00 -0.000e+00 6.330e-01 6.330e-01 6.670e-01 7.670e-01 8.670e-01 1.533e+00 1.833e+00 1.800e+00 1.900e+00 1.800e+00 1.800e+00 1.433e+00 1.267e+00 9.330e-01 5.670e-01 2.330e-01 6.330e-01 6.000e-01 5.670e-01 6.330e-01 1.067e+00 6.670e-01 6.330e-01 6.000e-01 -0.000e+00
1.000e+01 -0.000e+00 -0.000e+00 -0.000e+00 1.000e-01 1.000e-01 1.000e-01 1.000e-01 6.700e-02 1.000e-01 1.330e-01 1.670e-01 2.330e-01 2.670e-01 3.330e-01 4.330e-01 7.670e-01 8.670e-01 9.330e-01 9.330e-01 8.000e-01 7.670e-01 7.000e-01 5.330e-01 4.670e-01 4.330e-01 4.330e-01 4.330e-01 4.330e-01 3.330e-01 2.330e-01 2.330e-01 2.330e-01 2.670e-01 2.670e-01 -0.000e+00 -0.000e+00
1.000e+01 -0.000e+00 -0.000e+00 -0.000e+00 -0.000e+00 -0.000e+00 -0.000e+00 1.330e-01 1.330e-01 1.670e-01 1.670e-01 2.670e-01 3.000e-01 3.000e-01 3.000e-01 3.000e-01 2.670e-01 2.330e-01 2.000e-01 1.670e-01 1.670e-01 1.330e-01 1.330e-01 1.000e-01 1.000e-01 1.000e-01 1.000e-01 1.000e-01 1.000e-01 1.000e-01 1.000e-01 1.330e-01 1.330e-01 1.670e-01 1.670e-01 -0.000e+00 -0.000e+00
1.000e+01 -0.000e+00 -0.000e+00 -0.000e+00 -0.000e+00 -0.000e+00 -0.000e+00 -0.000e+00 3.300e-02 3.300e-02 6.700e-02 6.700e-02 3.300e-02 3.300e-02 6.700e-02 1.000e-01 1.000e-01 1.330e-01 1.330e-01 1.000e-01 1.000e-01 1.000e-01 1.000e-01 1.000e-01 1.000e-01 6.700e-02 6.700e-02 6.700e-02 6.700e-02 6.700e-02 6.700e-02 6.700e-02 6.700e-02 6.700e-02 -0.000e+00 -0.000e+00 -0.000e+00
1.000e+01 -0.000e+00 -0.000e+00 -0.000e+00 -0.000e+00 -0.000e+00 0.000e+00 6.700e-02 6.700e-02 1.000e-01 1.330e-01 1.330e-01 2.000e-01 2.670e-01 3.330e-01 4.670e-01 1.767e+00 2.367e+00 2.433e+00 2.267e+00 1.900e+00 1.800e+00 1.567e+00 1.133e+00 9.000e-01 7.670e-01 7.670e-01 8.000e-01 9.000e-01 6.330e-01 4.330e-01 3.330e-01 4.670e-01 4.000e-01 2.330e-01 -0.000e+00 -0.000e+00
1.000e+01 6.700e-02 6.700e-02 1.000e-01 1.000e-01 6.700e-02 6.700e-02 6.700e-02 6.700e-02 1.000e-01 1.000e-01 1.000e-01 1.330e-01 1.670e-01 2.330e-01 4.330e-01 5.330e-01 8.670e-01 1.333e+00 1.367e+00 1.467e+00 1.567e+00 1.667e+00 1.700e+00 1.500e+00 1.400e+00 1.233e+00 1.000e+00 9.330e-01 5.000e-01 2.670e-01 3.000e-01 2.330e-01 1.670e-01 1.670e-01 1.670e-01 1.330e-01
1.200e+01 -0.000e+00 -0.000e+00 -0.000e+00 -0.000e+00 -0.000e+00 -0.000e+00 -0.000e+00 -0.000e+00 -0.000e+00 -0.000e+00 -0.000e+00 -0.000e+00 1.670e-01 2.330e-01 3.000e-01 5.000e-01 6.000e-01 1.167e+00 2.100e+00 3.233e+00 4.467e+00 5.167e+00 3.833e+00 2.233e+00 1.500e+00 1.100e+00 7.670e-01 6.670e-01 4.670e-01 2.670e-01 3.000e-01 4.000e-01 5.000e-01 -0.000e+00 -0.000e+00 -0.000e+00
1.200e+01 -0.000e+00 -0.000e+00 -0.000e+00 -0.000e+00 -0.000e+00 -0.000e+00 1.000e-01 1.000e-01 1.670e-01 1.670e-01 1.670e-01 2.000e-01 2.670e-01 3.330e-01 3.670e-01 4.670e-01 6.330e-01 7.670e-01 2.000e+00 3.467e+00 4.333e+00 5.000e+00 5.500e+00 5.267e+00 4.500e+00 2.933e+00 1.667e+00 1.267e+00 1.000e+00 3.330e-01 2.330e-01 1.670e-01 1.000e-01 1.000e-01 -0.000e+00 -0.000e+00
1.200e+01 -0.000e+00 -0.000e+00 5.000e-01 3.670e-01 -0.000e+00 -0.000e+00 2.000e-01 2.000e-01 3.330e-01 3.330e-01 3.330e-01 5.000e-01 5.000e-01 7.670e-01 1.267e+00 1.400e+00 1.667e+00 1.767e+00 1.800e+00 2.333e+00 2.333e+00 2.500e+00 2.867e+00 2.633e+00 1.900e+00 1.267e+00 1.067e+00 9.330e-01 8.330e-01 7.670e-01 7.000e-01 6.330e-01 4.000e-01 3.670e-01 2.330e-01 -0.000e+00
1.200e+01 -0.000e+00 2.000e-01 1.670e-01 2.000e-01 1.330e-01 2.330e-01 -0.000e+00 -0.000e+00 1.670e-01 2.000e-01 3.000e-01 3.330e-01 8.000e-01 9.000e-01 1.200e+00 1.400e+00 1.833e+00 2.000e+00 2.233e+00 2.300e+00 2.500e+00 2.433e+00 2.567e+00 2.500e+00 2.067e+00 1.767e+00 1.567e+00 1.367e+00 1.267e+00 8.330e-01 6.000e-01 7.000e-01 4.000e-01 3.670e-01 3.000e-01 2.000e-01
1.000e+00 -0.000e+00 -0.000e+00 -0.000e+00 -0.000e+00 -0.000e+00 -0.000e+00 -0.000e+00 -0.000e+00 -0.000e+00 -0.000e+00 -0.000e+00 -0.000e+00 1.367e+00 1.533e+00 1.800e+00 1.667e+00 1.900e+00 2.167e+00 2.400e+00 2.367e+00 2.500e+00 2.367e+00 2.300e+00 2.400e+00 2.200e+00 1.767e+00 1.900e+00 9.000e-01 1.667e+00 1.900e+00 -0.000e+00 -0.000e+00 -0.000e+00 -0.000e+00 -0.000e+00 -0.000e+00
1.000e+00 -0.000e+00 -0.000e+00 -0.000e+00 -0.000e+00 -0.000e+00 -0.000e+00 -0.000e+00 -0.000e+00 -0.000e+00 -0.000e+00 -0.000e+00 -0.000e+00 -0.000e+00 1.167e+00 1.333e+00 1.333e+00 1.600e+00 2.100e+00 2.133e+00 2.133e+00 2.067e+00 2.000e+00 2.267e+00 1.767e+00 1.767e+00 1.567e+00 1.500e+00 1.600e+00 1.733e+00 1.433e+00 2.200e+00 -0.000e+00 -0.000e+00 -0.000e+00 -0.000e+00 -0.000e+00
1.000e+00 -0.000e+00 -0.000e+00 -0.000e+00 -0.000e+00 -0.000e+00 -0.000e+00 -0.000e+00 -0.000e+00 -0.000e+00 -0.000e+00 1.167e+00 1.133e+00 1.267e+00 1.233e+00 1.267e+00 1.333e+00 1.433e+00 1.633e+00 1.700e+00 1.833e+00 1.767e+00 1.800e+00 1.700e+00 1.533e+00 1.633e+00 1.700e+00 1.700e+00 7.670e-01 1.533e+00 1.900e+00 1.900e+00 2.300e+00 -0.000e+00 -0.000e+00 -0.000e+00 -0.000e+00
1.000e+00 -0.000e+00 -0.000e+00 -0.000e+00 -0.000e+00 -0.000e+00 -0.000e+00 -0.000e+00 -0.000e+00 -0.000e+00 -0.000e+00 -0.000e+00 -0.000e+00 1.500e+00 1.767e+00 2.167e+00 2.367e+00 2.467e+00 2.533e+00 3.267e+00 3.267e+00 3.033e+00 2.667e+00 2.533e+00 2.267e+00 2.200e+00 2.333e+00 1.767e+00 1.167e+00 1.167e+00 1.300e+00 -0.000e+00 1.033e+00 1.133e+00 1.167e+00 -0.000e+00 -0.000e+00
1.000e+00 -0.000e+00 -0.000e+00 -0.000e+00 -0.000e+00 -0.000e+00 -0.000e+00 -0.000e+00 -0.000e+00 -0.000e+00 -0.000e+00 -0.000e+00 -0.000e+00 -0.000e+00 -0.000e+00 -0.000e+00 1.733e+00 1.767e+00 2.033e+00 2.167e+00 2.267e+00 3.267e+00 2.900e+00 3.133e+00 2.933e+00 2.767e+00 2.233e+00 1.700e+00 1.567e+00 1.500e+00 1.967e+00 1.533e+00 1.533e+00 -0.000e+00 -0.000e+00 -0.000e+00 -0.000e+00
1.000e+00 -0.000e+00 -0.000e+00 -0.000e+00 -0.000e+00 -0.000e+00 -0.000e+00 -0.000e+00 -0.000e+00 -0.000e+00 -0.000e+00 -0.000e+00 -0.000e+00 -0.000e+00 -0.000e+00 1.567e+00 1.767e+00 1.800e+00 2.300e+00 2.533e+00 2.367e+00 2.433e+00 2.300e+00 2.267e+00 2.033e+00 1.967e+00 1.700e+00 8.000e-01 1.200e+00 1.500e+00 1.433e+00 1.033e+00 9.000e-01 8.000e-01 8.670e-01 -0.000e+00 -0.000e+00
1.000e+00 1.333e+00 1.233e+00 1.333e+00 1.100e+00 -0.000e+00 -0.000e+00 -0.000e+00 -0.000e+00 -0.000e+00 -0.000e+00 -0.000e+00 1.400e+00 1.800e+00 2.067e+00 2.367e+00 2.533e+00 2.700e+00 3.133e+00 3.167e+00 3.233e+00 3.167e+00 3.133e+00 2.633e+00 2.267e+00 2.367e+00 2.300e+00 2.133e+00 1.333e+00 9.330e-01 1.667e+00 -0.000e+00 1.500e+00 1.567e+00 1.067e+00 1.200e+00 1.267e+00
1.000e+00 -0.000e+00 -0.000e+00 -0.000e+00 -0.000e+00 -0.000e+00 -0.000e+00 -0.000e+00 -0.000e+00 -0.000e+00 -0.000e+00 -0.000e+00 -0.000e+00 1.233e+00 1.367e+00 1.333e+00 1.667e+00 2.100e+00 2.833e+00 3.267e+00 3.667e+00 3.667e+00 3.400e+00 2.733e+00 2.467e+00 2.233e+00 2.000e+00 1.267e+00 8.330e-01 1.133e+00 1.333e+00 6.670e-01 3.333e+00 -0.000e+00 -0.000e+00 -0.000e+00 -0.000e+00
6.000e+00 -0.000e+00 -0.000e+00 -0.000e+00 -0.000e+00 -0.000e+00 -0.000e+00 -0.000e+00 -0.000e+00 -0.000e+00 -0.000e+00 -0.000e+00 -0.000e+00 -0.000e+00 -0.000e+00 1.200e+00 1.267e+00 1.400e+00 1.433e+00 1.267e+00 1.033e+00 1.000e+00 1.100e+00 1.100e+00 1.000e+00 8.670e-01 8.000e-01 8.330e-01 7.000e-01 8.330e-01 -0.000e+00 -0.000e+00 -0.000e+00 -0.000e+00 -0.000e+00 -0.000e+00 -0.000e+00
1.000e+00 -0.000e+00 -0.000e+00 -0.000e+00 -0.000e+00 -0.000e+00 -0.000e+00 -0.000e+00 -0.000e+00 -0.000e+00 -0.000e+00 -0.000e+00 -0.000e+00 -0.000e+00 1.400e+00 1.500e+00 1.567e+00 1.933e+00 2.133e+00 2.200e+00 2.533e+00 2.500e+00 2.500e+00 2.233e+00 2.033e+00 1.700e+00 1.533e+00 1.300e+00 1.267e+00 1.500e+00 1.533e+00 2.500e+00 4.200e+00 -0.000e+00 -0.000e+00 -0.000e+00 -0.000e+00
1.000e+00 -0.000e+00 -0.000e+00 -0.000e+00 -0.000e+00 -0.000e+00 -0.000e+00 -0.000e+00 -0.000e+00 -0.000e+00 -0.000e+00 -0.000e+00 -0.000e+00 1.200e+00 1.300e+00 1.333e+00 1.533e+00 2.067e+00 2.367e+00 2.933e+00 3.200e+00 3.333e+00 3.233e+00 2.900e+00 2.500e+00 2.033e+00 1.800e+00 1.467e+00 1.200e+00 1.000e+00 1.033e+00 1.967e+00 2.533e+00 1.867e+00 -0.000e+00 -0.000e+00 -0.000e+00
6.000e+00 -0.000e+00 -0.000e+00 -0.000e+00 -0.000e+00 -0.000e+00 -0.000e+00 -0.000e+00 -0.000e+00 -0.000e+00 -0.000e+00 -0.000e+00 -0.000e+00 -0.000e+00 -0.000e+00 -0.000e+00 4.670e-01 7.330e-01 8.330e-01 9.000e-01 9.330e-01 1.200e+00 1.333e+00 1.333e+00 1.267e+00 1.233e+00 1.000e+00 1.033e+00 3.330e-01 3.330e-01 3.000e-01 1.670e-01 -0.000e+00 -0.000e+00 -0.000e+00 -0.000e+00 -0.000e+00
6.000e+00 -0.000e+00 -0.000e+00 -0.000e+00 -0.000e+00 -0.000e+00 -0.000e+00 -0.000e+00 -0.000e+00 -0.000e+00 -0.000e+00 -0.000e+00 -0.000e+00 -0.000e+00 -0.000e+00 -0.000e+00 -0.000e+00 -0.000e+00 3.670e-01 3.330e-01 3.000e-01 8.670e-01 7.670e-01 7.670e-01 8.000e-01 7.330e-01 6.000e-01 5.000e-01 4.000e-01 3.330e-01 -0.000e+00 -0.000e+00 -0.000e+00 -0.000e+00 -0.000e+00 -0.000e+00 -0.000e+00
1.200e+01 -0.000e+00 -0.000e+00 -0.000e+00 -0.000e+00 -0.000e+00 -0.000e+00 -0.000e+00 -0.000e+00 -0.000e+00 -0.000e+00 -0.000e+00 -0.000e+00 -0.000e+00 2.000e-01 2.330e-01 2.670e-01 2.670e-01 1.267e+00 1.833e+00 2.533e+00 4.200e+00 5.000e+00 4.767e+00 3.167e+00 1.667e+00 7.330e-01 5.000e-01 2.670e-01 2.330e-01 1.670e-01 1.670e-01 -0.000e+00 -0.000e+00 -0.000e+00 -0.000e+00 -0.000e+00
1.200e+01 3.670e-01 3.670e-01 5.000e-01 6.670e-01 7.000e-01 8.330e-01 1.167e+00 1.667e+00 1.867e+00 2.100e+00 2.067e+00 2.100e+00 1.933e+00 1.367e+00 1.133e+00 8.330e-01 5.000e-01 3.670e-01 3.000e-01 2.670e-01 2.330e-01 2.000e-01 2.000e-01 1.670e-01 1.670e-01 1.330e-01 1.330e-01 1.000e-01 1.000e-01 1.000e-01 1.000e-01 1.000e-01 1.000e-01 1.000e-01 1.000e-01 1.330e-01
6.000e+00 4.000e-01 3.670e-01 4.000e-01 3.670e-01 3.670e-01 4.330e-01 4.670e-01 6.670e-01 7.000e-01 9.000e-01 1.200e+00 1.300e+00 1.167e+00 1.067e+00 7.670e-01 6.330e-01 5.000e-01 4.000e-01 3.670e-01 3.330e-01 3.330e-01 3.000e-01 2.670e-01 2.670e-01 2.670e-01 2.330e-01 2.330e-01 2.330e-01 2.330e-01 2.330e-01 1.670e-01 1.670e-01 1.670e-01 2.000e-01 -0.000e+00 -0.000e+00
1.000e+01 1.670e-01 1.670e-01 -0.000e+00 -0.000e+00 -0.000e+00 1.670e-01 1.670e-01 3.670e-01 4.330e-01 5.330e-01 8.000e-01 1.233e+00 1.367e+00 1.300e+00 1.200e+00 8.330e-01 5.330e-01 3.670e-01 2.670e-01 2.000e-01 2.000e-01 1.670e-01 1.670e-01 1.330e-01 1.330e-01 1.330e-01 1.330e-01 1.330e-01 1.330e-01 1.330e-01 1.330e-01 1.330e-01 1.670e-01 1.670e-01 -0.000e+00 -0.000e+00
6.000e+00 6.700e-02 6.700e-02 6.700e-02 6.700e-02 6.700e-02 6.700e-02 6.700e-02 6.700e-02 1.000e-01 6.700e-02 6.700e-02 6.700e-02 6.700e-02 6.700e-02 6.700e-02 6.700e-02 6.700e-02 6.700e-02 6.700e-02 6.700e-02 6.700e-02 6.700e-02 6.700e-02 6.700e-02 6.700e-02 6.700e-02 1.000e-01 1.000e-01 1.670e-01 1.670e-01 1.670e-01 1.670e-01 1.330e-01 1.330e-01 1.330e-01 1.330e-01
6.000e+00 1.670e-01 1.670e-01 2.670e-01 4.000e-01 5.330e-01 1.400e+00 1.767e+00 2.033e+00 2.133e+00 2.200e+00 1.933e+00 1.467e+00 1.167e+00 3.000e-01 1.670e-01 1.330e-01 1.000e-01 1.000e-01 1.000e-01 1.000e-01 1.000e-01 1.000e-01 6.700e-02 6.700e-02 6.700e-02 6.700e-02 6.700e-02 6.700e-02 6.700e-02 6.700e-02 6.700e-02 6.700e-02 3.300e-02 6.700e-02 6.700e-02 1.000e-01
6.000e+00 2.000e-01 2.330e-01 2.330e-01 2.330e-01 2.670e-01 3.330e-01 3.330e-01 5.000e-01 6.670e-01 1.333e+00 1.633e+00 1.700e+00 1.800e+00 1.700e+00 1.567e+00 1.267e+00 7.670e-01 4.670e-01 2.670e-01 2.000e-01 1.670e-01 1.330e-01 1.330e-01 1.330e-01 1.330e-01 1.330e-01 1.330e-01 1.330e-01 1.330e-01 1.000e-01 1.000e-01 1.000e-01 1.000e-01 1.000e-01 1.000e-01 1.000e-01
1.200e+01 2.267e+00 2.400e+00 2.867e+00 3.267e+00 3.533e+00 3.433e+00 3.267e+00 3.133e+00 2.833e+00 2.467e+00 2.100e+00 1.600e+00 1.467e+00 1.267e+00 1.033e+00 1.033e+00 1.200e+00 1.567e+00 1.900e+00 2.967e+00 3.833e+00 3.900e+00 3.933e+00 3.633e+00 2.600e+00 2.133e+00 1.767e+00 1.200e+00 9.670e-01 9.330e-01 1.200e+00 1.400e+00 1.567e+00 1.800e+00 1.933e+00 2.000e+00
1.200e+01 7.670e-01 8.330e-01 8.670e-01 1.100e+00 1.167e+00 1.567e+00 1.700e+00 2.700e+00 3.500e+00 4.567e+00 5.700e+00 5.667e+00 5.600e+00 3.133e+00 1.233e+00 8.000e-01 4.000e-01 2.330e-01 1.670e-01 1.330e-01 1.330e-01 1.330e-01 1.330e-01 1.000e-01 1.000e-01 1.000e-01 1.000e-01 1.000e-01 1.000e-01 1.000e-01 1.000e-01 1.000e-01 1.000e-01 2.000e-01 -0.000e+00 -0.000e+00
1.000e+01 -0.000e+00 -0.000e+00 -0.000e+00 -0.000e+00 -0.000e+00 0.000e+00 3.300e-02 6.700e-02 1.000e-01 1.000e-01 1.330e-01 1.670e-01 2.330e-01 2.670e-01 2.670e-01 3.000e-01 3.000e-01 3.330e-01 3.330e-01 3.330e-01 3.330e-01 3.330e-01 3.670e-01 3.670e-01 3.000e-01 3.000e-01 2.330e-01 1.670e-01 1.330e-01 1.000e-01 1.000e-01 1.000e-01 1.000e-01 2.000e-01 3.300e-02 -0.000e+00
1.200e+01 7.330e-01 7.330e-01 8.000e-01 7.000e-01 7.000e-01 7.000e-01 9.670e-01 1.033e+00 -0.000e+00 1.867e+00 1.767e+00 1.767e+00 1.867e+00 1.867e+00 1.567e+00 1.300e+00 8.670e-01 6.330e-01 5.330e-01 5.000e-01 5.000e-01 4.330e-01 3.670e-01 2.670e-01 2.000e-01 1.330e-01 1.330e-01 1.670e-01 2.000e-01 2.670e-01 3.000e-01 3.000e-01 2.670e-01 2.000e-01 2.000e-01 2.000e-01
1.200e+01 2.670e-01 2.000e-01 4.000e-01 -0.000e+00 4.670e-01 4.330e-01 3.670e-01 1.330e-01 3.000e-01 4.000e-01 6.670e-01 8.670e-01 1.667e+00 1.967e+00 2.833e+00 3.767e+00 3.767e+00 5.200e+00 3.567e+00 2.633e+00 1.933e+00 1.100e+00 8.000e-01 7.000e-01 6.670e-01 6.670e-01 6.330e-01 6.670e-01 4.670e-01 1.100e+00 1.200e+00 3.000e-01 0.000e+00 7.000e-01 6.670e-01 6.330e-01
1.200e+01 -0.000e+00 6.000e-01 5.330e-01 5.000e-01 6.670e-01 6.330e-01 6.330e-01 9.330e-01 1.167e+00 1.167e+00 1.300e+00 1.233e+00 1.700e+00 2.067e+00 1.500e+00 1.100e+00 8.670e-01 8.330e-01 9.670e-01 1.267e+00 1.833e+00 1.900e+00 1.900e+00 1.900e+00 1.800e+00 1.667e+00 1.133e+00 8.670e-01 6.670e-01 3.670e-01 4.000e-01 7.000e-01 8.330e-01 8.670e-01 8.330e-01 1.000e-01
1.200e+01 3.000e-01 2.670e-01 4.670e-01 4.000e-01 3.670e-01 6.000e-01 6.000e-01 8.330e-01 -0.000e+00 1.300e+00 1.600e+00 1.633e+00 1.867e+00 2.167e+00 2.300e+00 2.933e+00 2.200e+00 2.033e+00 1.867e+00 1.733e+00 1.600e+00 1.433e+00 1.233e+00 1.033e+00 8.670e-01 8.000e-01 6.330e-01 4.670e-01 5.000e-01 4.670e-01 5.330e-01 6.330e-01 8.330e-01 7.330e-01 8.670e-01 4.330e-01
1.200e+01 4.330e-01 4.000e-01 4.000e-01 4.330e-01 -0.000e+00 6.670e-01 7.000e-01 7.670e-01 1.067e+00 1.433e+00 1.733e+00 2.133e+00 2.200e+00 2.067e+00 1.867e+00 1.700e+00 1.500e+00 1.467e+00 1.433e+00 1.333e+00 1.233e+00 1.133e+00 1.033e+00 9.330e-01 8.000e-01 7.000e-01 6.670e-01 5.670e-01 5.330e-01 4.670e-01 4.330e-01 4.000e-01 4.000e-01 3.670e-01 3.670e-01 3.330e-01
1.200e+01 -0.000e+00 1.000e-01 -0.000e+00 -0.000e+00 -0.000e+00 3.670e-01 3.670e-01 3.670e-01 4.330e-01 4.000e-01 1.233e+00 1.433e+00 1.533e+00 1.433e+00 1.167e+00 1.000e+00 1.000e+00 1.000e+00 1.033e+00 7.670e-01 5.330e-01 3.670e-01 2.670e-01 2.330e-01 2.000e-01 1.000e-01 1.670e-01 1.670e-01 2.330e-01 3.670e-01 4.000e-01 5.000e-01 4.000e-01 3.000e-01 4.000e-01 3.670e-01
1.000e+01 3.000e-01 2.000e-01 1.330e-01 1.330e-01 2.330e-01 3.670e-01 4.000e-01 5.000e-01 6.670e-01 9.330e-01 1.100e+00 1.200e+00 9.000e-01 6.330e-01 4.000e-01 3.000e-01 2.000e-01 2.000e-01 2.000e-01 2.000e-01 2.000e-01 2.000e-01 1.670e-01 2.000e-01 3.000e-01 4.670e-01 7.670e-01 1.000e+00 9.000e-01 6.330e-01 4.000e-01 2.670e-01 3.000e-01 2.330e-01 2.000e-01 1.670e-01
1.000e+00 -0.000e+00 -0.000e+00 -0.000e+00 -0.000e+00 -0.000e+00 -0.000e+00 -0.000e+00 -0.000e+00 -0.000e+00 -0.000e+00 -0.000e+00 -0.000e+00 1.333e+00 1.400e+00 1.933e+00 2.533e+00 3.533e+00 3.600e+00 3.867e+00 4.033e+00 3.933e+00 3.967e+00 3.233e+00 3.000e+00 2.633e+00 2.933e+00 2.200e+00 1.367e+00 1.867e+00 1.500e+00 1.500e+00 -0.000e+00 -0.000e+00 -0.000e+00 -0.000e+00 -0.000e+00
1.000e+01 -0.000e+00 -0.000e+00 -0.000e+00 1.967e+00 1.867e+00 1.967e+00 1.800e+00 1.833e+00 -0.000e+00 1.600e+00 1.600e+00 2.300e+00 2.767e+00 2.900e+00 3.967e+00 4.333e+00 4.333e+00 4.233e+00 2.767e+00 2.700e+00 2.667e+00 2.433e+00 -0.000e+00 -0.000e+00 -0.000e+00 -0.000e+00 -0.000e+00 2.467e+00 2.267e+00 2.100e+00 2.233e+00 2.033e+00 2.133e+00 -0.000e+00 -0.000e+00 -0.000e+00
1.000e+01 -0.000e+00 -0.000e+00 -0.000e+00 -0.000e+00 1.933e+00 1.633e+00 1.533e+00 -0.000e+00 1.467e+00 1.433e+00 1.733e+00 2.300e+00 2.433e+00 2.567e+00 3.533e+00 3.600e+00 3.633e+00 3.667e+00 3.133e+00 3.400e+00 3.367e+00 -0.000e+00 -0.000e+00 4.667e+00 4.467e+00 -0.000e+00 -0.000e+00 3.700e+00 4.000e+00 4.233e+00 -0.000e+00 1.867e+00 1.900e+00 2.067e+00 1.700e+00 -0.000e+00
1.200e+01 4.330e-01 -0.000e+00 9.330e-01 8.000e-01 7.000e-01 6.330e-01 6.330e-01 5.330e-01 5.670e-01 6.000e-01 1.233e+00 1.767e+00 1.967e+00 2.067e+00 4.167e+00 5.233e+00 5.233e+00 5.200e+00 5.967e+00 4.133e+00 3.900e+00 1.967e+00 -0.000e+00 1.267e+00 1.367e+00 1.267e+00 1.267e+00 1.333e+00 1.733e+00 1.767e+00 1.600e+00 1.833e+00 1.367e+00 1.067e+00 1.333e+00 -0.000e+00
1.200e+01 -0.000e+00 -0.000e+00 -0.000e+00 -0.000e+00 9.000e-01 7.000e-01 6.330e-01 6.000e-01 5.670e-01 5.000e-01 8.000e-01 1.133e+00 1.200e+00 1.267e+00 1.800e+00 1.700e+00 1.700e+00 1.733e+00 3.633e+00 3.400e+00 3.600e+00 3.500e+00 2.233e+00 1.933e+00 1.933e+00 1.867e+00 1.700e+00 1.700e+00 1.667e+00 1.467e+00 1.367e+00 1.833e+00 1.400e+00 1.667e+00 1.367e+00 1.200e+00
1.200e+01 -0.000e+00 -0.000e+00 -0.000e+00 -0.000e+00 -0.000e+00 -0.000e+00 -0.000e+00 -0.000e+00 -0.000e+00 -0.000e+00 4.330e-01 5.670e-01 1.333e+00 1.967e+00 2.033e+00 4.367e+00 5.267e+00 4.533e+00 3.100e+00 2.433e+00 1.233e+00 1.033e+00 8.670e-01 8.000e-01 6.000e-01 5.670e-01 6.000e-01 3.000e-01 3.330e-01 4.670e-01 5.000e-01 9.670e-01 -0.000e+00 -0.000e+00 9.670e-01 9.330e-01
